,Dimensionality,Parcels,Subject,Network
0,1.0302309060153154,1,02,VIS1
1,1.1212496648074426,1,03,VIS1
2,0.7091767606597263,1,04,VIS1
3,0.8623913272218952,1,06,VIS1
4,0.6869156482377015,1,08,VIS1
5,0.918193909159483,1,09,VIS1
6,0.5300597077442244,1,10,VIS1
7,0.4416018060836708,1,12,VIS1
8,1.0808732135387165,1,14,VIS1
9,0.3734072650011956,1,15,VIS1
10,0.4668439618726348,1,18,VIS1
11,0.9616606378318173,1,20,VIS1
12,0.3361495196517772,1,22,VIS1
13,0.6201739667651569,1,25,VIS1
14,1.0763846439522828,1,27,VIS1
15,0.9761697642362029,1,29,VIS1
16,1.1474954876604526,1,31,VIS1
17,0.9350843671389439,1,17,VIS1
18,0.8046801264139639,1,19,VIS1
19,0.32964206775345084,1,21,VIS1
20,1.6449584655407221,1,24,VIS1
21,0.7728997175134071,1,26,VIS1
22,0.30864575280794493,1,28,VIS1
23,0.7433057071146426,1,30,VIS1
24,0.2656572510882541,2,02,VIS2
25,0.204355482711955,2,03,VIS2
26,0.1651825989202732,2,04,VIS2
27,0.11521729824560872,2,06,VIS2
28,0.08428900573385183,2,08,VIS2
29,0.13679696991975798,2,09,VIS2
30,0.4398485614511399,2,10,VIS2
31,0.09383678592440985,2,12,VIS2
32,0.049676377806356406,2,14,VIS2
33,0.28108647030073186,2,15,VIS2
34,0.2464158651559301,2,18,VIS2
35,0.14359450157423523,2,20,VIS2
36,0.2917810267482131,2,22,VIS2
37,0.27137525174962035,2,25,VIS2
38,0.963524363366474,2,27,VIS2
39,0.4204577282492656,2,29,VIS2
40,0.22696865743317518,2,31,VIS2
41,0.17168206925057913,2,17,VIS2
42,0.17728204871061978,2,19,VIS2
43,0.0959840931445209,2,21,VIS2
44,0.5058430066392139,2,24,VIS2
45,0.1347489769105317,2,26,VIS2
46,0.00042366581730078455,2,28,VIS2
47,0.028830395956967906,2,30,VIS2
48,0.29414766183076363,3,02,VIS2
49,0.8289818140227236,3,03,VIS2
50,0.1601378974963554,3,04,VIS2
51,0.3648676869032711,3,06,VIS2
52,0.2698238053038928,3,08,VIS2
53,0.2818295925335083,3,09,VIS2
54,0.16776972023879105,3,10,VIS2
55,0.14877111100818613,3,12,VIS2
56,0.4772722584005154,3,14,VIS2
57,0.07190829379764982,3,15,VIS2
58,0.26888869159511214,3,18,VIS2
59,7.709295362713192e-05,3,20,VIS2
60,0.3701239058531147,3,22,VIS2
61,0.025775487624633112,3,25,VIS2
62,0.5916212065632692,3,27,VIS2
63,0.2432838321915369,3,29,VIS2
64,0.40539963483383246,3,31,VIS2
65,0.08214488508315283,3,17,VIS2
66,0.3598828569894698,3,19,VIS2
67,0.019167578814193405,3,21,VIS2
68,0.37593576993766464,3,24,VIS2
69,0.1636722929388759,3,26,VIS2
70,0.0706447106995864,3,28,VIS2
71,0.07257512173254321,3,30,VIS2
72,1.5953290687163402,4,02,VIS2
73,1.257118524218519,4,03,VIS2
74,0.8761561741630793,4,04,VIS2
75,1.101747571597759,4,06,VIS2
76,0.5621203137384658,4,08,VIS2
77,1.0560073479308143,4,09,VIS2
78,0.5427176206811606,4,10,VIS2
79,0.6186022728642081,4,12,VIS2
80,1.2657325332258782,4,14,VIS2
81,0.49743222361338857,4,15,VIS2
82,0.19258429955908943,4,18,VIS2
83,1.0119839503421642,4,20,VIS2
84,0.5274517474939446,4,22,VIS2
85,0.7689478765559798,4,25,VIS2
86,1.7551302270928149,4,27,VIS2
87,1.1398199184768678,4,29,VIS2
88,1.291078939996553,4,31,VIS2
89,1.1215629388357107,4,17,VIS2
90,0.8178902958796955,4,19,VIS2
91,0.21269946220246938,4,21,VIS2
92,1.5352025011095838,4,24,VIS2
93,1.119071850713489,4,26,VIS2
94,0.36980727446690037,4,28,VIS2
95,1.1361775142805435,4,30,VIS2
96,1.6669289825050082,5,02,VIS2
97,1.2796476417383769,5,03,VIS2
98,1.090910601185839,5,04,VIS2
99,0.8176204221370629,5,06,VIS2
100,0.46361509042461724,5,08,VIS2
101,1.2078512775850474,5,09,VIS2
102,0.4675609326622784,5,10,VIS2
103,0.5215183175146909,5,12,VIS2
104,1.092240817530341,5,14,VIS2
105,0.8930179948763783,5,15,VIS2
106,0.37679763602758776,5,18,VIS2
107,1.0463240950081631,5,20,VIS2
108,0.5914718750428158,5,22,VIS2
109,0.8119622303389782,5,25,VIS2
110,1.589460077835733,5,27,VIS2
111,1.0645015870334438,5,29,VIS2
112,0.9822785502612915,5,31,VIS2
113,0.9194941801686447,5,17,VIS2
114,0.475476795061801,5,19,VIS2
115,0.29788337593191433,5,21,VIS2
116,1.1954606065449505,5,24,VIS2
117,0.9391332399471645,5,26,VIS2
118,0.17350905243212253,5,28,VIS2
119,0.47438781997159624,5,30,VIS2
120,1.4889665302589072,6,02,VIS2
121,1.1826465312790857,6,03,VIS2
122,0.8556366976800627,6,04,VIS2
123,0.6272545763735135,6,06,VIS2
124,0.5910515351570128,6,08,VIS2
125,1.068276947777633,6,09,VIS2
126,0.5912510681699734,6,10,VIS2
127,0.5455433881433485,6,12,VIS2
128,0.5770200164085054,6,14,VIS2
129,0.6432006892233784,6,15,VIS2
130,0.2178741892368095,6,18,VIS2
131,0.7176322870863099,6,20,VIS2
132,0.3661490993585094,6,22,VIS2
133,0.9615055374464365,6,25,VIS2
134,1.7631110182420804,6,27,VIS2
135,1.0612989425912804,6,29,VIS2
136,0.5323195243355013,6,31,VIS2
137,0.8346391246205057,6,17,VIS2
138,0.2806575878154381,6,19,VIS2
139,0.46847021791656035,6,21,VIS2
140,0.9699952516675335,6,24,VIS2
141,0.9460810969784561,6,26,VIS2
142,0.16661191505498507,6,28,VIS2
143,0.25665808640418225,6,30,VIS2
144,1.283144513794653,7,02,VIS2
145,0.5296299279452931,7,03,VIS2
146,0.24198850013128617,7,04,VIS2
147,0.4845861102457781,7,06,VIS2
148,0.2454076041650908,7,08,VIS2
149,0.8144968849807208,7,09,VIS2
150,0.8609752686060608,7,10,VIS2
151,0.12691333642629635,7,12,VIS2
152,0.5199832113770806,7,14,VIS2
153,0.4347794469669416,7,15,VIS2
154,0.010257224541963103,7,18,VIS2
155,0.6062362599145945,7,20,VIS2
156,0.24818906049096018,7,22,VIS2
157,0.360508231347176,7,25,VIS2
158,0.9832199266703687,7,27,VIS2
159,0.4817863293434063,7,29,VIS2
160,0.4399934348229868,7,31,VIS2
161,0.4919026938599006,7,17,VIS2
162,0.0845933834667117,7,19,VIS2
163,0.03530068246023495,7,21,VIS2
164,0.9521580873341225,7,24,VIS2
165,0.6309364992290984,7,26,VIS2
166,0.006068914694565145,7,28,VIS2
167,0.4599196240087218,7,30,VIS2
168,0.7047427365810524,8,02,SMN
169,0.5571858099967671,8,03,SMN
170,0.32853532633999444,8,04,SMN
171,0.44774801598457326,8,06,SMN
172,0.12501977424459143,8,08,SMN
173,0.11409235140111744,8,09,SMN
174,0.6991899769281166,8,10,SMN
175,0.09743495362659405,8,12,SMN
176,0.7426016038054747,8,14,SMN
177,0.12929699142127138,8,15,SMN
178,0.21287487865285784,8,18,SMN
179,0.7002033934789356,8,20,SMN
180,0.22310481848465405,8,22,SMN
181,0.3171063061015206,8,25,SMN
182,0.5840403693152812,8,27,SMN
183,0.4821528865697142,8,29,SMN
184,0.005817427495785155,8,31,SMN
185,0.11304978298305812,8,17,SMN
186,0.09426246277731903,8,19,SMN
187,0.15807948879126915,8,21,SMN
188,0.4176040854891971,8,24,SMN
189,0.4773887593516974,8,26,SMN
190,0.23185951521208473,8,28,SMN
191,0.15197823045105094,8,30,SMN
192,0.28864405599360377,9,02,SMN
193,0.21151075764107324,9,03,SMN
194,0.040570637329074885,9,04,SMN
195,0.2490238155096103,9,06,SMN
196,0.11026478732181083,9,08,SMN
197,0.0031132184813423606,9,09,SMN
198,0.268216391939678,9,10,SMN
199,0.0265936421889557,9,12,SMN
200,0.6447022097923633,9,14,SMN
201,0.09045389836954472,9,15,SMN
202,0.02016483861876194,9,18,SMN
203,0.5696203639672027,9,20,SMN
204,0.31793103952696394,9,22,SMN
205,0.1811355833338077,9,25,SMN
206,0.40416431535934194,9,27,SMN
207,0.6590155069616276,9,29,SMN
208,0.05397346473577923,9,31,SMN
209,0.07842660547214653,9,17,SMN
210,0.2319666560027945,9,19,SMN
211,0.0459717713492126,9,21,SMN
212,0.2889966136604193,9,24,SMN
213,0.24107827573412688,9,26,SMN
214,0.6236547456954243,9,28,SMN
215,0.1090062488338219,9,30,SMN
216,0.913967830376288,10,02,CON
217,0.7706936376715587,10,03,CON
218,0.43792135698703105,10,04,CON
219,0.21557806491037548,10,06,CON
220,0.386425836323015,10,08,CON
221,0.4952844252607635,10,09,CON
222,0.5822006051163153,10,10,CON
223,0.3784685193547858,10,12,CON
224,0.3743883483409179,10,14,CON
225,0.004987200243506339,10,15,CON
226,0.0680502069964754,10,18,CON
227,0.04568455763150028,10,20,CON
228,0.2839490581345038,10,22,CON
229,0.26887066750450045,10,25,CON
230,0.8911651368889508,10,27,CON
231,0.2628351898447367,10,29,CON
232,0.12043934013638816,10,31,CON
233,0.141574139392092,10,17,CON
234,0.1817377153746767,10,19,CON
235,0.017132568391133796,10,21,CON
236,0.2731082078904906,10,24,CON
237,0.11006743632028998,10,26,CON
238,0.5291310822107599,10,28,CON
239,0.01718382463717309,10,30,CON
240,0.6577510561594394,11,02,DAN
241,0.6582330354495692,11,03,DAN
242,0.36758811376620354,11,04,DAN
243,0.29419164236567236,11,06,DAN
244,0.000498615238243633,11,08,DAN
245,0.4001388469766998,11,09,DAN
246,0.291982336004116,11,10,DAN
247,6.122720034900241e-06,11,12,DAN
248,0.23630043849631707,11,14,DAN
249,0.044951242534877214,11,15,DAN
250,0.13487408764973588,11,18,DAN
251,0.08834649879801346,11,20,DAN
252,0.12392054477475628,11,22,DAN
253,0.01513335808392339,11,25,DAN
254,0.09035095265675226,11,27,DAN
255,0.03105188232542128,11,29,DAN
256,0.011448841120820666,11,31,DAN
257,0.6458955478161261,11,17,DAN
258,0.6816141196508186,11,19,DAN
259,0.4507806468501715,11,21,DAN
260,0.3385821294852074,11,24,DAN
261,0.3411184253641509,11,26,DAN
262,0.011811342045048277,11,28,DAN
263,6.986812770871135e-05,11,30,DAN
264,0.7386319122252294,12,02,LAN
265,0.520567793195249,12,03,LAN
266,0.341751384637609,12,04,LAN
267,0.6055100960553192,12,06,LAN
268,0.21984587019839277,12,08,LAN
269,0.34860170267896035,12,09,LAN
270,0.6351632607589921,12,10,LAN
271,0.5747469828972315,12,12,LAN
272,0.23261368454111644,12,14,LAN
273,0.14015974314675905,12,15,LAN
274,0.1397322883711324,12,18,LAN
275,0.17736115405906488,12,20,LAN
276,0.10882196551552997,12,22,LAN
277,0.290773972122449,12,25,LAN
278,0.506947558261031,12,27,LAN
279,0.11276180710095325,12,29,LAN
280,0.08474534528620145,12,31,LAN
281,0.10490883808164359,12,17,LAN
282,0.19096853366204922,12,19,LAN
283,0.08184443400399016,12,21,LAN
284,0.09396572776079505,12,24,LAN
285,0.09870593743734991,12,26,LAN
286,0.00013283478122764602,12,28,LAN
287,0.12730675493872715,12,30,LAN
288,1.195642572671488,13,02,VIS2
289,0.8649625560052308,13,03,VIS2
290,0.5688507762258238,13,04,VIS2
291,0.4859531480389798,13,06,VIS2
292,0.4808269428531767,13,08,VIS2
293,1.0235229714629754,13,09,VIS2
294,0.6597483272715765,13,10,VIS2
295,0.47713428648826184,13,12,VIS2
296,0.5960189771329031,13,14,VIS2
297,1.0206837218330098,13,15,VIS2
298,0.25781579592894915,13,18,VIS2
299,0.745477941716588,13,20,VIS2
300,0.3495875044928779,13,22,VIS2
301,0.6738790608493604,13,25,VIS2
302,0.8634088445085084,13,27,VIS2
303,0.8878505582555785,13,29,VIS2
304,0.12736429010777514,13,31,VIS2
305,0.6596637153051387,13,17,VIS2
306,0.343093741086581,13,19,VIS2
307,0.10791697423175473,13,21,VIS2
308,0.6076958988249931,13,24,VIS2
309,0.6176555191783059,13,26,VIS2
310,0.3123292025203648,13,28,VIS2
311,0.22160670182884312,13,30,VIS2
312,0.30845855041695464,14,02,FPN
313,0.6451888344358969,14,03,FPN
314,0.20354427393331292,14,04,FPN
315,0.4762929471118068,14,06,FPN
316,0.15304507728808533,14,08,FPN
317,0.30424404301591,14,09,FPN
318,0.6567732504787842,14,10,FPN
319,0.42219679857751113,14,12,FPN
320,0.7789281237198936,14,14,FPN
321,0.026934516007695936,14,15,FPN
322,0.39239898009168056,14,18,FPN
323,0.2652373158960603,14,20,FPN
324,0.5211846720194019,14,22,FPN
325,0.07301158629306659,14,25,FPN
326,0.9879708791925013,14,27,FPN
327,0.7315294123827013,14,29,FPN
328,0.28620618405937115,14,31,FPN
329,0.46152678206471814,14,17,FPN
330,0.08026194213593071,14,19,FPN
331,0.4474990104811978,14,21,FPN
332,0.5499263236877028,14,24,FPN
333,0.4953069551201638,14,26,FPN
334,0.19817997474363916,14,28,FPN
335,0.41873174714140154,14,30,FPN
336,0.43465814219606397,15,02,FPN
337,0.6914983569312959,15,03,FPN
338,0.30745660289436966,15,04,FPN
339,0.3683589329934025,15,06,FPN
340,0.3883097417222071,15,08,FPN
341,0.5283877878043597,15,09,FPN
342,0.6940677417183098,15,10,FPN
343,0.23568658131616482,15,12,FPN
344,0.7632211382151682,15,14,FPN
345,0.10220497280037148,15,15,FPN
346,0.62327945630493,15,18,FPN
347,0.39976421993423367,15,20,FPN
348,0.1148379508805792,15,22,FPN
349,0.31036953247643323,15,25,FPN
350,0.7100557638634042,15,27,FPN
351,1.0927695174653704,15,29,FPN
352,0.07131408745580256,15,31,FPN
353,0.33648360582671905,15,17,FPN
354,0.345918369366235,15,19,FPN
355,0.05496230397871933,15,21,FPN
356,0.7102330296783267,15,24,FPN
357,0.10597316004435738,15,26,FPN
358,0.9272216050878802,15,28,FPN
359,0.2762469384979124,15,30,FPN
360,0.9172631747038328,16,02,VIS2
361,0.8545848573550414,16,03,VIS2
362,0.18993982668411433,16,04,VIS2
363,0.35995487205790483,16,06,VIS2
364,0.3016921250071459,16,08,VIS2
365,0.4591719367501227,16,09,VIS2
366,0.3124599362850946,16,10,VIS2
367,0.3556085870485098,16,12,VIS2
368,0.21890258975173957,16,14,VIS2
369,0.26653773905230893,16,15,VIS2
370,0.21191681443571375,16,18,VIS2
371,0.7982503321954063,16,20,VIS2
372,0.0596999095549267,16,22,VIS2
373,0.2964246177581271,16,25,VIS2
374,0.5677674020990493,16,27,VIS2
375,0.5529168723642598,16,29,VIS2
376,0.1647766033177918,16,31,VIS2
377,0.28988680013364077,16,17,VIS2
378,0.19845237437701255,16,19,VIS2
379,0.13821348001316114,16,21,VIS2
380,0.4860380460982189,16,24,VIS2
381,0.648033256168729,16,26,VIS2
382,0.11919411054572239,16,28,VIS2
383,0.0006520577079266011,16,30,VIS2
384,1.0318663886442208,17,02,VIS2
385,1.2587362734220422,17,03,VIS2
386,0.22946849412819534,17,04,VIS2
387,0.2664272157247817,17,06,VIS2
388,0.45302952624476067,17,08,VIS2
389,0.7197382037878376,17,09,VIS2
390,0.18251833023210823,17,10,VIS2
391,0.5749887788086112,17,12,VIS2
392,0.14076117518826173,17,14,VIS2
393,0.41796801822237967,17,15,VIS2
394,0.1890669466086103,17,18,VIS2
395,0.5341331365208264,17,20,VIS2
396,0.12015247417432974,17,22,VIS2
397,0.17023770880570377,17,25,VIS2
398,0.8651473113103589,17,27,VIS2
399,0.8222205151418479,17,29,VIS2
400,0.38693522395945595,17,31,VIS2
401,0.6847075673393814,17,17,VIS2
402,0.35694522474682666,17,19,VIS2
403,0.5428381209057732,17,21,VIS2
404,0.41684136971571956,17,24,VIS2
405,0.1835312051450351,17,26,VIS2
406,0.37931809322889315,17,28,VIS2
407,0.03553875116954478,17,30,VIS2
408,1.5223018580869827,18,02,VIS2
409,0.7992013585637997,18,03,VIS2
410,0.5172984666732606,18,04,VIS2
411,0.9452313822093469,18,06,VIS2
412,0.2897899148525469,18,08,VIS2
413,0.8076702710957847,18,09,VIS2
414,1.2030208488634755,18,10,VIS2
415,0.39310468676322674,18,12,VIS2
416,0.22940774494254915,18,14,VIS2
417,0.5317330097295837,18,15,VIS2
418,1.2948754722440114,18,18,VIS2
419,0.781307605439629,18,20,VIS2
420,0.29961280318971006,18,22,VIS2
421,0.7187790376746928,18,25,VIS2
422,1.3005749595947866,18,27,VIS2
423,0.4436027544314868,18,29,VIS2
424,0.2640600411281297,18,31,VIS2
425,0.7332682036813948,18,17,VIS2
426,0.399529112263567,18,19,VIS2
427,0.5944987905577744,18,21,VIS2
428,1.2186391199412832,18,24,VIS2
429,0.6110799939665773,18,26,VIS2
430,0.012229718821369877,18,28,VIS2
431,0.8526194890215419,18,30,VIS2
432,0.739775421683694,19,02,VIS2
433,0.7408771115224404,19,03,VIS2
434,0.05364084197915725,19,04,VIS2
435,0.3036227515935525,19,06,VIS2
436,0.1900430234570359,19,08,VIS2
437,0.43091092487784827,19,09,VIS2
438,0.1154081301444378,19,10,VIS2
439,0.4374977517204267,19,12,VIS2
440,0.23029346777728155,19,14,VIS2
441,0.38618191921069805,19,15,VIS2
442,0.24431039593430676,19,18,VIS2
443,0.008400235757898607,19,20,VIS2
444,0.02624271947350182,19,22,VIS2
445,0.4650717337870048,19,25,VIS2
446,0.5486874280757347,19,27,VIS2
447,0.5044010625385164,19,29,VIS2
448,0.23109985130244184,19,31,VIS2
449,0.5413102292050843,19,17,VIS2
450,0.4301469589937439,19,19,VIS2
451,0.3709735410802764,19,21,VIS2
452,0.5621210102002596,19,24,VIS2
453,0.44804209591897826,19,26,VIS2
454,0.11824093032144135,19,28,VIS2
455,0.421628227916511,19,30,VIS2
456,0.9108932360706374,20,02,VIS2
457,0.19083761629612492,20,03,VIS2
458,0.2472345613591463,20,04,VIS2
459,0.32467806405708644,20,06,VIS2
460,0.28332096201620627,20,08,VIS2
461,0.5135781246320517,20,09,VIS2
462,0.2678618212347589,20,10,VIS2
463,0.03317992797982562,20,12,VIS2
464,0.41031652524902823,20,14,VIS2
465,0.21826717117357652,20,15,VIS2
466,0.29571673920280583,20,18,VIS2
467,0.10839945462508317,20,20,VIS2
468,0.08337638955702521,20,22,VIS2
469,0.2388231839258059,20,25,VIS2
470,0.4014976959078153,20,27,VIS2
471,0.27911333882561057,20,29,VIS2
472,0.13713966616830825,20,31,VIS2
473,0.16103763232844762,20,17,VIS2
474,0.2283138076872043,20,19,VIS2
475,0.04479353983666382,20,21,VIS2
476,0.4167818121969688,20,24,VIS2
477,0.22754707854733422,20,26,VIS2
478,5.710818637232363e-05,20,28,VIS2
479,0.06435197705675486,20,30,VIS2
480,0.3059997155276529,21,02,VIS2
481,0.2704111994229307,21,03,VIS2
482,0.0649502247972519,21,04,VIS2
483,0.033200542008673437,21,06,VIS2
484,0.5174367238150989,21,08,VIS2
485,0.8269609316698471,21,09,VIS2
486,0.29799416309559806,21,10,VIS2
487,0.6205931280054744,21,12,VIS2
488,0.49574890245533937,21,14,VIS2
489,0.16337510636476,21,15,VIS2
490,0.2808516324755374,21,18,VIS2
491,0.03279298739583283,21,20,VIS2
492,0.17610218247972878,21,22,VIS2
493,0.14987719940515265,21,25,VIS2
494,1.2495530822848402,21,27,VIS2
495,0.24445579669126474,21,29,VIS2
496,0.2127270777292568,21,31,VIS2
497,0.20726062776512458,21,17,VIS2
498,0.38512336810599584,21,19,VIS2
499,0.23830892238057255,21,21,VIS2
500,0.5419752757815397,21,24,VIS2
501,0.6023152603809554,21,26,VIS2
502,0.005017625163841146,21,28,VIS2
503,0.013819073175115262,21,30,VIS2
504,0.9817556267617896,22,02,VIS2
505,0.5219187718373194,22,03,VIS2
506,0.6070461326746506,22,04,VIS2
507,0.5673414644009174,22,06,VIS2
508,0.15600997029428473,22,08,VIS2
509,0.3633497761986199,22,09,VIS2
510,0.25335233822236825,22,10,VIS2
511,0.36291895605514934,22,12,VIS2
512,0.4676379976966307,22,14,VIS2
513,0.15073098254007888,22,15,VIS2
514,0.3073636746961004,22,18,VIS2
515,0.632955384649284,22,20,VIS2
516,0.27907009800748495,22,22,VIS2
517,0.5555361285651241,22,25,VIS2
518,0.7652915384974275,22,27,VIS2
519,0.43808258076851136,22,29,VIS2
520,0.3929367227842274,22,31,VIS2
521,0.42555130545796455,22,17,VIS2
522,0.1939495242972387,22,19,VIS2
523,0.21638898158034442,22,21,VIS2
524,1.0321538271589723,22,24,VIS2
525,0.41729895864193617,22,26,VIS2
526,0.07024502015810752,22,28,VIS2
527,0.08315939749375235,22,30,VIS2
528,0.648038208483584,23,02,VIS2
529,0.3849250326456926,23,03,VIS2
530,0.0039307217293448335,23,04,VIS2
531,0.14512528368811498,23,06,VIS2
532,0.3111503062429485,23,08,VIS2
533,0.17687234591189258,23,09,VIS2
534,0.4198310415767161,23,10,VIS2
535,0.043696942300995426,23,12,VIS2
536,0.31069018872469195,23,14,VIS2
537,0.11659650482350425,23,15,VIS2
538,0.569579787582323,23,18,VIS2
539,0.3139179697617617,23,20,VIS2
540,0.3875925300321435,23,22,VIS2
541,0.047125527154797675,23,25,VIS2
542,0.5562599840983167,23,27,VIS2
543,0.4084676048979252,23,29,VIS2
544,0.16639110579440775,23,31,VIS2
545,0.04751519995118007,23,17,VIS2
546,0.2295842308107614,23,19,VIS2
547,0.05213060603931488,23,21,VIS2
548,0.23400994822829252,23,24,VIS2
549,0.26553425103028466,23,26,VIS2
550,0.010862897870899273,23,28,VIS2
551,0.08649561456010625,23,30,VIS2
552,0.03594900073135109,24,02,AUD
553,0.031903036329407504,24,03,AUD
554,0.004447988147951694,24,04,AUD
555,0.18085408902846425,24,06,AUD
556,0.0684578244117024,24,08,AUD
557,0.02312155246080463,24,09,AUD
558,0.011248969023126054,24,10,AUD
559,0.0019324442521065801,24,12,AUD
560,0.167119727014795,24,14,AUD
561,0.02268643722002741,24,15,AUD
562,0.12492783004108757,24,18,AUD
563,0.047549629001170594,24,20,AUD
564,0.022424731870351322,24,22,AUD
565,0.07432214308795025,24,25,AUD
566,0.13354311709023833,24,27,AUD
567,0.09588264178785474,24,29,AUD
568,7.185186362779917e-05,24,31,AUD
569,0.08823140829121524,24,17,AUD
570,0.012803688932250692,24,19,AUD
571,0.024079339530535895,24,21,AUD
572,0.21208345605808532,24,24,AUD
573,0.22943522860309698,24,26,AUD
574,0.0151769623489223,24,28,AUD
575,0.08558647781530998,24,30,AUD
576,0.7129355775521482,25,02,LAN
577,0.1983486794606164,25,03,LAN
578,0.8334746107851944,25,04,LAN
579,0.347173845661927,25,06,LAN
580,0.5270872436928267,25,08,LAN
581,0.17318838914562013,25,09,LAN
582,0.21660752640954478,25,10,LAN
583,0.07952996290341556,25,12,LAN
584,0.3257069331205835,25,14,LAN
585,0.09438355895982888,25,15,LAN
586,0.21365670566916212,25,18,LAN
587,0.04958832759473982,25,20,LAN
588,0.11748079764743366,25,22,LAN
589,0.2756890683478421,25,25,LAN
590,0.04515012953059495,25,27,LAN
591,0.11933975275786551,25,29,LAN
592,0.14301309224590714,25,31,LAN
593,0.0848678193587042,25,17,LAN
594,0.015309867211385428,25,19,LAN
595,0.3333993993402764,25,21,LAN
596,0.3648242806910339,25,24,LAN
597,0.18906393555253187,25,26,LAN
598,0.032723586892619096,25,28,LAN
599,0.22459475353781563,25,30,LAN
600,0.6795353540132303,26,02,LAN
601,0.534150471939501,26,03,LAN
602,0.21173033977874858,26,04,LAN
603,0.42847396683281447,26,06,LAN
604,0.1911643754996583,26,08,LAN
605,0.23672135967413238,26,09,LAN
606,0.8758082634320825,26,10,LAN
607,0.012264128701827913,26,12,LAN
608,0.3186610349113541,26,14,LAN
609,0.058580354300258354,26,15,LAN
610,0.12404788877835773,26,18,LAN
611,0.09893516842997455,26,20,LAN
612,0.028726875523541907,26,22,LAN
613,0.5121436702476755,26,25,LAN
614,0.3590371286512163,26,27,LAN
615,0.33864191578395014,26,29,LAN
616,0.06585869954222949,26,31,LAN
617,0.4578791960279529,26,17,LAN
618,0.04725816169339206,26,19,LAN
619,0.08229620740240405,26,21,LAN
620,0.6441003502010086,26,24,LAN
621,0.1895789222464239,26,26,LAN
622,0.03633907105058498,26,28,LAN
623,0.13177466023340137,26,30,LAN
624,0.7678877876244291,27,02,PMULTI
625,0.8642872395449972,27,03,PMULTI
626,0.15366026795993135,27,04,PMULTI
627,0.24352304217191906,27,06,PMULTI
628,0.045738655670410557,27,08,PMULTI
629,0.2222949954146585,27,09,PMULTI
630,0.21661032145020356,27,10,PMULTI
631,0.14388459850457463,27,12,PMULTI
632,0.4366620371589223,27,14,PMULTI
633,0.036181702600605783,27,15,PMULTI
634,0.6843414763281307,27,18,PMULTI
635,0.08120150421123702,27,20,PMULTI
636,0.2115581527649987,27,22,PMULTI
637,0.46486448281735177,27,25,PMULTI
638,0.42680152943224425,27,27,PMULTI
639,0.5950836206362826,27,29,PMULTI
640,0.06791686477153784,27,31,PMULTI
641,0.32830833521357444,27,17,PMULTI
642,0.16357483845338153,27,19,PMULTI
643,0.13469693322250959,27,21,PMULTI
644,0.42382489507351667,27,24,PMULTI
645,0.3209993726046097,27,26,PMULTI
646,0.028176808201636736,27,28,PMULTI
647,0.2305779384383942,27,30,PMULTI
648,0.7499285383216234,28,02,LAN
649,0.22609233704737172,28,03,LAN
650,0.013991067567963906,28,04,LAN
651,0.3695136441945184,28,06,LAN
652,0.5645882599210705,28,08,LAN
653,0.2617695535201018,28,09,LAN
654,0.19327215488125393,28,10,LAN
655,0.0004976364522859682,28,12,LAN
656,0.468859371266944,28,14,LAN
657,0.000847660448367256,28,15,LAN
658,0.18595862592498233,28,18,LAN
659,0.016613629899468282,28,20,LAN
660,0.44926599193105454,28,22,LAN
661,0.6421739843195194,28,25,LAN
662,1.0299246998735625,28,27,LAN
663,0.2056394138845605,28,29,LAN
664,0.16147143732841676,28,31,LAN
665,0.2925535225934343,28,17,LAN
666,0.24086934800219995,28,19,LAN
667,0.136789667420874,28,21,LAN
668,0.2201553323994207,28,24,LAN
669,0.45302517322852465,28,26,LAN
670,0.0028405230103955167,28,28,LAN
671,0.3707871036104627,28,30,LAN
672,0.5526577645629877,29,02,FPN
673,0.5700537501856362,29,03,FPN
674,0.178595380360829,29,04,FPN
675,0.2922986268547653,29,06,FPN
676,0.43658299441960186,29,08,FPN
677,0.3264005122459987,29,09,FPN
678,0.23736620243497228,29,10,FPN
679,0.3748313782714891,29,12,FPN
680,0.12791697866321525,29,14,FPN
681,0.06970936426867597,29,15,FPN
682,0.207770414390853,29,18,FPN
683,0.16488271315761868,29,20,FPN
684,0.08848803160587165,29,22,FPN
685,0.12637634714985874,29,25,FPN
686,1.06006385865207,29,27,FPN
687,0.5111918927862747,29,29,FPN
688,0.034006610422054696,29,31,FPN
689,0.06958619156387326,29,17,FPN
690,0.1479761451532462,29,19,FPN
691,0.00042258838295933086,29,21,FPN
692,0.3511861998614903,29,24,FPN
693,0.5911040301356545,29,26,FPN
694,0.0018427805467761487,29,28,FPN
695,0.12666462953506283,29,30,FPN
696,0.4423091865701851,30,02,DMN
697,0.9605606237005715,30,03,DMN
698,0.3024524847753952,30,04,DMN
699,0.2461450450675975,30,06,DMN
700,0.09923888273018057,30,08,DMN
701,0.4785862876892771,30,09,DMN
702,0.22068278965917845,30,10,DMN
703,0.12412410129850636,30,12,DMN
704,0.5114886887446367,30,14,DMN
705,0.29797136573951344,30,15,DMN
706,0.0039085492146659784,30,18,DMN
707,0.2584252883936931,30,20,DMN
708,0.28284642161543516,30,22,DMN
709,0.026052879028512863,30,25,DMN
710,0.47382319051144106,30,27,DMN
711,0.5612751270399947,30,29,DMN
712,0.10038119234543544,30,31,DMN
713,0.16166598964726134,30,17,DMN
714,0.2751930171751242,30,19,DMN
715,0.01352329950667363,30,21,DMN
716,0.5621058533534009,30,24,DMN
717,0.2639437598378686,30,26,DMN
718,0.017021835443386233,30,28,DMN
719,0.00638022499849516,30,30,DMN
720,0.7177443475346905,31,02,DMN
721,0.944225542928273,31,03,DMN
722,0.45237425263343384,31,04,DMN
723,0.326326972507328,31,06,DMN
724,0.11880641735391786,31,08,DMN
725,0.3013000325402166,31,09,DMN
726,0.33724605961264653,31,10,DMN
727,0.1308908869436586,31,12,DMN
728,0.48005340719554707,31,14,DMN
729,0.4176583287361797,31,15,DMN
730,0.513511016589281,31,18,DMN
731,0.06458575174862122,31,20,DMN
732,0.5587618916107021,31,22,DMN
733,0.3646653645625227,31,25,DMN
734,1.1176684264330319,31,27,DMN
735,0.5489371261142341,31,29,DMN
736,0.407137335015062,31,31,DMN
737,0.504814007732477,31,17,DMN
738,0.28436021667784606,31,19,DMN
739,0.09869686455491994,31,21,DMN
740,0.5848897794230304,31,24,DMN
741,0.510755484852843,31,26,DMN
742,0.05716396030430324,31,28,DMN
743,0.11177046965999426,31,30,DMN
744,0.3635684272112031,32,02,DMN
745,0.5114785717267335,32,03,DMN
746,0.011029267875545461,32,04,DMN
747,0.05344116051581612,32,06,DMN
748,0.17622727710235916,32,08,DMN
749,0.24065975709988424,32,09,DMN
750,0.5363736603716043,32,10,DMN
751,0.01861166502260055,32,12,DMN
752,0.00021742557073603546,32,14,DMN
753,0.02510205666936098,32,15,DMN
754,0.16274051600250858,32,18,DMN
755,0.18314642824758257,32,20,DMN
756,0.09278691380994393,32,22,DMN
757,0.2125621832992327,32,25,DMN
758,0.42670416526033716,32,27,DMN
759,0.6283106637820007,32,29,DMN
760,0.0002733098298580643,32,31,DMN
761,0.3534140456718779,32,17,DMN
762,0.07450158544917093,32,19,DMN
763,0.0029855095329254545,32,21,DMN
764,0.4925945553226774,32,24,DMN
765,0.278997867213737,32,26,DMN
766,0.4549888318025709,32,28,DMN
767,0.28045944949861557,32,30,DMN
768,0.45858645937109016,33,02,DMN
769,1.0113589935164735,33,03,DMN
770,0.6450668756060498,33,04,DMN
771,0.4208764635245274,33,06,DMN
772,0.006772389865974117,33,08,DMN
773,0.10328529040112859,33,09,DMN
774,0.5671624653186556,33,10,DMN
775,0.1377061618915222,33,12,DMN
776,0.27949281179164887,33,14,DMN
777,0.1751708795282653,33,15,DMN
778,0.10856199343872099,33,18,DMN
779,0.03467127271232593,33,20,DMN
780,0.8912199441590355,33,22,DMN
781,0.026707172529269935,33,25,DMN
782,0.5402949277222994,33,27,DMN
783,0.38161714557855886,33,29,DMN
784,0.0599254893299133,33,31,DMN
785,0.12112714748057879,33,17,DMN
786,0.2643405547138647,33,19,DMN
787,0.07346850551544479,33,21,DMN
788,0.48063319032750174,33,24,DMN
789,0.40289730046656047,33,26,DMN
790,0.00047907614748744196,33,28,DMN
791,0.03216808015256415,33,30,DMN
792,0.24330402185382688,34,02,DMN
793,0.9030175047611783,34,03,DMN
794,0.0003546736028758808,34,04,DMN
795,0.19750520286516127,34,06,DMN
796,0.38187170328529896,34,08,DMN
797,0.29314773692243123,34,09,DMN
798,1.444269718097132,34,10,DMN
799,0.33272341476032286,34,12,DMN
800,0.1136515791437585,34,14,DMN
801,0.12119455487561494,34,15,DMN
802,0.3165910940999756,34,18,DMN
803,0.05706928115200889,34,20,DMN
804,0.35713115384788346,34,22,DMN
805,0.14747351730931854,34,25,DMN
806,1.0103603240228343,34,27,DMN
807,0.7124253012505725,34,29,DMN
808,0.0018711459875292446,34,31,DMN
809,0.20704087835422896,34,17,DMN
810,0.3808195661866764,34,19,DMN
811,0.09661135606394236,34,21,DMN
812,0.2599321437325324,34,24,DMN
813,0.5052871145425507,34,26,DMN
814,0.48060677715133726,34,28,DMN
815,0.25783787670121355,34,30,DMN
816,0.18787929233273457,35,02,DMN
817,0.8903012203299798,35,03,DMN
818,0.0069622075135853684,35,04,DMN
819,0.4741557163674508,35,06,DMN
820,0.21726378507416189,35,08,DMN
821,0.19894201764968,35,09,DMN
822,0.4907126278175197,35,10,DMN
823,0.060522702527534875,35,12,DMN
824,0.23028115099581828,35,14,DMN
825,0.06158431101306798,35,15,DMN
826,0.1020814705911318,35,18,DMN
827,0.004127352110748232,35,20,DMN
828,0.08980269870755103,35,22,DMN
829,0.006194136211221131,35,25,DMN
830,1.0243450396129865,35,27,DMN
831,0.3599411891702737,35,29,DMN
832,0.001072148721539242,35,31,DMN
833,0.3803588123734887,35,17,DMN
834,0.20902291265076073,35,19,DMN
835,0.0659392736434689,35,21,DMN
836,0.09718099916555081,35,24,DMN
837,0.6330197408259842,35,26,DMN
838,0.09455724649576376,35,28,DMN
839,0.04429222830782454,35,30,DMN
840,0.021785148123942135,36,02,SMN
841,0.25884616590874776,36,03,SMN
842,0.14398094654390503,36,04,SMN
843,0.0016094267601527777,36,06,SMN
844,0.04678644819815015,36,08,SMN
845,0.019927446845695182,36,09,SMN
846,0.2689610989786154,36,10,SMN
847,0.005284350894492468,36,12,SMN
848,0.16082288537153452,36,14,SMN
849,0.009312005777541994,36,15,SMN
850,0.10148920639414027,36,18,SMN
851,0.048216543715471884,36,20,SMN
852,0.3391318642799795,36,22,SMN
853,0.12689414262795545,36,25,SMN
854,0.3290466900261186,36,27,SMN
855,0.4722869311816251,36,29,SMN
856,0.002766335097065398,36,31,SMN
857,0.38875486265621445,36,17,SMN
858,0.05042224579410842,36,19,SMN
859,0.17829088759600323,36,21,SMN
860,0.012302166960390555,36,24,SMN
861,0.03198306446869335,36,26,SMN
862,0.1138132885426708,36,28,SMN
863,0.0988916861965088,36,30,SMN
864,0.5233383498813576,37,02,CON
865,0.5034526588289222,37,03,CON
866,0.03969123704944013,37,04,CON
867,0.11687272642999305,37,06,CON
868,0.232372449490381,37,08,CON
869,0.28852350625453155,37,09,CON
870,0.1381572237247667,37,10,CON
871,0.014312861697058313,37,12,CON
872,0.3470967335150461,37,14,CON
873,0.09512137050689506,37,15,CON
874,0.016103679775406027,37,18,CON
875,0.21931671780192957,37,20,CON
876,0.17341448392802603,37,22,CON
877,0.6598519458081878,37,25,CON
878,0.7458389840525997,37,27,CON
879,0.46556406580740645,37,29,CON
880,0.0024157176444871585,37,31,CON
881,0.13312826763726004,37,17,CON
882,0.014783371782501586,37,19,CON
883,0.08653956033153459,37,21,CON
884,0.09025473444668701,37,24,CON
885,0.2975792416991432,37,26,CON
886,0.0030812811889788213,37,28,CON
887,0.09977270741656241,37,30,CON
888,0.7440689912652696,38,02,CON
889,0.5122295451770242,38,03,CON
890,0.28365048003497884,38,04,CON
891,0.2981595215174799,38,06,CON
892,0.11923158443563588,38,08,CON
893,0.28846996525927415,38,09,CON
894,0.17154420621384459,38,10,CON
895,0.016497058591866953,38,12,CON
896,0.18191121392162413,38,14,CON
897,0.020951142546973184,38,15,CON
898,0.10232521056391952,38,18,CON
899,0.005237762219943359,38,20,CON
900,0.31077007895874476,38,22,CON
901,0.43120390144706783,38,25,CON
902,0.6191775385319375,38,27,CON
903,0.7707074024918106,38,29,CON
904,0.009938501033758066,38,31,CON
905,0.09560775016017688,38,17,CON
906,0.03950489143195463,38,19,CON
907,0.02199853248831221,38,21,CON
908,0.18324445201266007,38,24,CON
909,0.06630973358260255,38,26,CON
910,0.6225465111122369,38,28,CON
911,0.12925667936736937,38,30,CON
912,0.3032713872426814,39,02,SMN
913,0.32310008568208926,39,03,SMN
914,0.17074351867314908,39,04,SMN
915,0.272809086542518,39,06,SMN
916,0.3876354660464448,39,08,SMN
917,0.16312516551682607,39,09,SMN
918,0.7009851949554923,39,10,SMN
919,0.29263458049210517,39,12,SMN
920,0.36245808434532856,39,14,SMN
921,0.05129247111769421,39,15,SMN
922,0.024904327047625078,39,18,SMN
923,0.18939590866403977,39,20,SMN
924,0.4635834575902285,39,22,SMN
925,0.48105153655731514,39,25,SMN
926,0.7452567350646048,39,27,SMN
927,0.6352382097170196,39,29,SMN
928,0.08688030003265325,39,31,SMN
929,0.2902492859878189,39,17,SMN
930,0.1480456927036068,39,19,SMN
931,0.18034220950827023,39,21,SMN
932,0.5468558503869321,39,24,SMN
933,0.4063728110810406,39,26,SMN
934,0.2096736099892525,39,28,SMN
935,0.025381426342054828,39,30,SMN
936,0.5849959918370172,40,02,SMN
937,0.17155125878279748,40,03,SMN
938,0.05025829744895664,40,04,SMN
939,0.1131516309580806,40,06,SMN
940,0.02684775296682517,40,08,SMN
941,0.47549897323067547,40,09,SMN
942,0.45966764852511155,40,10,SMN
943,0.0020321386744610237,40,12,SMN
944,0.396162465786361,40,14,SMN
945,0.1190563646429859,40,15,SMN
946,0.43065710111400024,40,18,SMN
947,0.29552514542263286,40,20,SMN
948,0.06542010565286165,40,22,SMN
949,0.12251242593931622,40,25,SMN
950,1.1107045309483485,40,27,SMN
951,0.6710956872728987,40,29,SMN
952,0.044831492264045904,40,31,SMN
953,0.5265863874939145,40,17,SMN
954,0.1517832707259733,40,19,SMN
955,0.11730179272936384,40,21,SMN
956,0.42559838709507586,40,24,SMN
957,0.46769410795644906,40,26,SMN
958,0.0033445510455825957,40,28,SMN
959,0.38443760492364776,40,30,SMN
960,0.3920818389000101,41,02,SMN
961,0.019857345990709298,41,03,SMN
962,0.006384381407206997,41,04,SMN
963,0.18648239743594783,41,06,SMN
964,0.060396529737182944,41,08,SMN
965,0.14552381554993749,41,09,SMN
966,0.26951291690911405,41,10,SMN
967,0.2226182586468707,41,12,SMN
968,0.29838767480353634,41,14,SMN
969,0.010152461756096628,41,15,SMN
970,0.0016735817342808928,41,18,SMN
971,0.3191520211089341,41,20,SMN
972,0.2878608366321581,41,22,SMN
973,0.05219006885723861,41,25,SMN
974,0.4852344387792817,41,27,SMN
975,0.14652128266780942,41,29,SMN
976,0.017397145364674613,41,31,SMN
977,0.022933473833413813,41,17,SMN
978,0.012278518760983122,41,19,SMN
979,0.32656610128363417,41,21,SMN
980,0.2194740556814978,41,24,SMN
981,0.3575396303738113,41,26,SMN
982,0.0018870950906139756,41,28,SMN
983,0.05563177944158947,41,30,SMN
984,0.2065939114372301,42,02,SMN
985,0.8321095898893128,42,03,SMN
986,0.05806309895687343,42,04,SMN
987,0.19583033621487886,42,06,SMN
988,0.3223879414801976,42,08,SMN
989,0.1387502348027823,42,09,SMN
990,0.10913115878256026,42,10,SMN
991,0.18749473308675135,42,12,SMN
992,0.2861908533723472,42,14,SMN
993,0.06910925163920686,42,15,SMN
994,0.07072137711785499,42,18,SMN
995,0.3411846242743707,42,20,SMN
996,0.14687632578343895,42,22,SMN
997,0.4582326985106033,42,25,SMN
998,0.4117449158847835,42,27,SMN
999,0.7900020277006353,42,29,SMN
1000,0.05400513242696781,42,31,SMN
1001,0.3378581733138706,42,17,SMN
1002,0.12112421070755197,42,19,SMN
1003,0.04622102305397612,42,21,SMN
1004,0.15932970133467603,42,24,SMN
1005,0.3314663388260706,42,26,SMN
1006,0.2566384243903263,42,28,SMN
1007,0.1426644289472245,42,30,SMN
1008,1.2184325152964712,43,02,CON
1009,0.06271385212940471,43,03,CON
1010,0.6058512317351987,43,04,CON
1011,0.48246131220707195,43,06,CON
1012,0.2609365078070264,43,08,CON
1013,0.7497045967565057,43,09,CON
1014,0.384792635493805,43,10,CON
1015,0.4775699447759212,43,12,CON
1016,0.4878635425681949,43,14,CON
1017,0.022957079303689724,43,15,CON
1018,0.042074994460996475,43,18,CON
1019,0.33617089334471517,43,20,CON
1020,0.10275158034959526,43,22,CON
1021,0.12946489796071609,43,25,CON
1022,0.967574144609071,43,27,CON
1023,0.3762249157386901,43,29,CON
1024,0.09621541427561503,43,31,CON
1025,0.6974295395130398,43,17,CON
1026,0.2517932694972416,43,19,CON
1027,0.4957625085149397,43,21,CON
1028,0.4955426419529536,43,24,CON
1029,0.44764355990428484,43,26,CON
1030,0.1849257485232893,43,28,CON
1031,0.021975629594306566,43,30,CON
1032,0.5060108080205821,44,02,CON
1033,0.8066859562260565,44,03,CON
1034,0.2773971476483754,44,04,CON
1035,0.23959122036643496,44,06,CON
1036,0.3672229473530632,44,08,CON
1037,0.568987359552025,44,09,CON
1038,0.06454763983182257,44,10,CON
1039,0.08974773791744299,44,12,CON
1040,0.6489814173097792,44,14,CON
1041,0.02617779249627921,44,15,CON
1042,0.03632796142506844,44,18,CON
1043,0.3388419332634337,44,20,CON
1044,0.19729480958583534,44,22,CON
1045,0.28214943768952,44,25,CON
1046,0.44592374985279104,44,27,CON
1047,0.3438041288114154,44,29,CON
1048,0.13334971493128767,44,31,CON
1049,0.2802199348199069,44,17,CON
1050,0.0012730810269104267,44,19,CON
1051,0.09268619580476815,44,21,CON
1052,0.4935749162863249,44,24,CON
1053,0.45533228845720575,44,26,CON
1054,0.15021739446165425,44,28,CON
1055,0.03981152604709163,44,30,CON
1056,0.6930837255136423,45,02,CON
1057,0.4199826361694273,45,03,CON
1058,0.08273236388191667,45,04,CON
1059,0.08740245030113909,45,06,CON
1060,0.16776898022994308,45,08,CON
1061,0.2990157709874327,45,09,CON
1062,0.4199865491071279,45,10,CON
1063,0.02117006396711734,45,12,CON
1064,0.1418556534093968,45,14,CON
1065,0.020581769157976396,45,15,CON
1066,0.47022425673032514,45,18,CON
1067,0.061456779011131744,45,20,CON
1068,0.10563494727213958,45,22,CON
1069,0.13498537611323755,45,25,CON
1070,0.6755011400787564,45,27,CON
1071,0.4720085821040214,45,29,CON
1072,0.0676722149984707,45,31,CON
1073,0.371364406573315,45,17,CON
1074,0.05994687116119891,45,19,CON
1075,0.019982186387927724,45,21,CON
1076,0.3267518068787143,45,24,CON
1077,0.4362893703984733,45,26,CON
1078,0.043737493707202334,45,28,CON
1079,0.08274652440160582,45,30,CON
1080,0.33087503284069214,46,02,DAN
1081,0.7079881137103954,46,03,DAN
1082,0.36616190413412075,46,04,DAN
1083,0.4335567202680059,46,06,DAN
1084,0.7161560516656154,46,08,DAN
1085,0.2858992459512724,46,09,DAN
1086,0.48855843196672133,46,10,DAN
1087,0.4597097857968778,46,12,DAN
1088,0.01028253484118153,46,14,DAN
1089,0.013108695612759284,46,15,DAN
1090,0.4144687581648632,46,18,DAN
1091,0.1161721765805976,46,20,DAN
1092,0.1695081840924654,46,22,DAN
1093,0.03942335774740827,46,25,DAN
1094,0.8163525718420805,46,27,DAN
1095,0.5420352770942943,46,29,DAN
1096,0.05192048867717882,46,31,DAN
1097,0.2985212738348962,46,17,DAN
1098,0.23997161487637142,46,19,DAN
1099,0.00029614760670423516,46,21,DAN
1100,0.6019815848313487,46,24,DAN
1101,0.5639127365291344,46,26,DAN
1102,0.03999994278409071,46,28,DAN
1103,0.00024211529846692042,46,30,DAN
1104,0.5827996600710973,47,02,SMN
1105,0.3474834414639932,47,03,SMN
1106,0.2091010399502618,47,04,SMN
1107,0.5063390811014123,47,06,SMN
1108,0.5938425352682777,47,08,SMN
1109,0.24269634303746412,47,09,SMN
1110,0.14259575023530124,47,10,SMN
1111,0.4720511057771708,47,12,SMN
1112,0.21939171809593025,47,14,SMN
1113,0.282304014085814,47,15,SMN
1114,0.08667680989395121,47,18,SMN
1115,0.21703259100946162,47,20,SMN
1116,0.2795196788483773,47,22,SMN
1117,0.4876859389422126,47,25,SMN
1118,0.5229158643730406,47,27,SMN
1119,0.6354540536349685,47,29,SMN
1120,0.03958612641246778,47,31,SMN
1121,0.38963586438979597,47,17,SMN
1122,0.44962283127517555,47,19,SMN
1123,0.1967164702283279,47,21,SMN
1124,0.5523964862953966,47,24,SMN
1125,0.3485358570349211,47,26,SMN
1126,0.03740171076070674,47,28,SMN
1127,0.003361985573339764,47,30,SMN
1128,0.5609717952977407,48,02,VIS2
1129,0.01747874571212885,48,03,VIS2
1130,0.8271677726583639,48,04,VIS2
1131,0.3611946014108136,48,06,VIS2
1132,0.5906947139639319,48,08,VIS2
1133,0.7582783176036353,48,09,VIS2
1134,0.44292415780757965,48,10,VIS2
1135,0.5774004165610851,48,12,VIS2
1136,0.5210269416696746,48,14,VIS2
1137,0.38932263539146694,48,15,VIS2
1138,0.22244045625698255,48,18,VIS2
1139,0.21150729569676946,48,20,VIS2
1140,0.04118913479145779,48,22,VIS2
1141,0.21760414088935354,48,25,VIS2
1142,0.8646866907791083,48,27,VIS2
1143,0.61043656563068,48,29,VIS2
1144,0.21875414604755503,48,31,VIS2
1145,0.40916915826461514,48,17,VIS2
1146,0.425654563661067,48,19,VIS2
1147,0.2792099406146031,48,21,VIS2
1148,0.5124317452493938,48,24,VIS2
1149,0.5194184394736694,48,26,VIS2
1150,0.1255101744924694,48,28,VIS2
1151,0.3051234748548314,48,30,VIS2
1152,0.6606479576179477,49,02,VIS2
1153,0.2784052594841875,49,03,VIS2
1154,0.09305036656656529,49,04,VIS2
1155,0.29718566278199166,49,06,VIS2
1156,0.954147430974804,49,08,VIS2
1157,0.38162165279486887,49,09,VIS2
1158,0.3887783171055114,49,10,VIS2
1159,0.1673124948314859,49,12,VIS2
1160,0.09438678434468575,49,14,VIS2
1161,0.20363908195088468,49,15,VIS2
1162,0.30435197866242214,49,18,VIS2
1163,0.010865290242131244,49,20,VIS2
1164,0.015148531124755163,49,22,VIS2
1165,0.007066537096583342,49,25,VIS2
1166,0.8134360955312128,49,27,VIS2
1167,0.38445093737703206,49,29,VIS2
1168,0.04784139985051264,49,31,VIS2
1169,0.30130904564598027,49,17,VIS2
1170,0.2685884655295751,49,19,VIS2
1171,0.13266586440465092,49,21,VIS2
1172,0.38869767421542073,49,24,VIS2
1173,0.5927006411800342,49,26,VIS2
1174,0.198439588583447,49,28,VIS2
1175,0.2804208465758079,49,30,VIS2
1176,0.957918923372653,50,02,DAN
1177,0.9792695104040469,50,03,DAN
1178,0.06558630825264808,50,04,DAN
1179,0.2153445192963085,50,06,DAN
1180,0.4016644783590121,50,08,DAN
1181,0.6501953141051957,50,09,DAN
1182,0.3128442054059955,50,10,DAN
1183,0.5217491879904633,50,12,DAN
1184,0.2360632585812199,50,14,DAN
1185,0.5164280426681981,50,15,DAN
1186,1.072545516782409,50,18,DAN
1187,0.27521571607460144,50,20,DAN
1188,0.15197724393190662,50,22,DAN
1189,0.4156593148690509,50,25,DAN
1190,1.063129451134132,50,27,DAN
1191,0.5854854990250393,50,29,DAN
1192,0.2778859887339852,50,31,DAN
1193,0.4655168738964755,50,17,DAN
1194,0.6546570718346657,50,19,DAN
1195,0.1397056041678806,50,21,DAN
1196,0.7200328758161254,50,24,DAN
1197,0.3207429667305775,50,26,DAN
1198,0.31834047849420166,50,28,DAN
1199,0.003880308789287674,50,30,DAN
1200,0.05260193025297477,51,02,SMN
1201,0.36776284938837644,51,03,SMN
1202,0.06847220006538617,51,04,SMN
1203,0.26178920204238515,51,06,SMN
1204,0.12360540743730239,51,08,SMN
1205,0.37552623792743595,51,09,SMN
1206,0.7127376462857056,51,10,SMN
1207,0.0925093215586121,51,12,SMN
1208,0.5746324864618348,51,14,SMN
1209,0.15215894516234532,51,15,SMN
1210,0.005760772620614599,51,18,SMN
1211,0.5418219464583326,51,20,SMN
1212,0.252997680474803,51,22,SMN
1213,0.15412558167886395,51,25,SMN
1214,0.6818383551198726,51,27,SMN
1215,0.4521743450832321,51,29,SMN
1216,0.07453979709307185,51,31,SMN
1217,0.1542143954967836,51,17,SMN
1218,0.17297375202708465,51,19,SMN
1219,0.20582755418742185,51,21,SMN
1220,0.20273887986040773,51,24,SMN
1221,0.11413185460373415,51,26,SMN
1222,0.04354008495650647,51,28,SMN
1223,0.12577155063185,51,30,SMN
1224,0.480654528980656,52,02,SMN
1225,0.277281091145375,52,03,SMN
1226,0.42918790210306224,52,04,SMN
1227,0.7791118041735182,52,06,SMN
1228,0.31443623704059076,52,08,SMN
1229,0.3460942653196004,52,09,SMN
1230,0.782431169141678,52,10,SMN
1231,0.32259719833439443,52,12,SMN
1232,0.3817817404420464,52,14,SMN
1233,0.3774975881822109,52,15,SMN
1234,0.25750322076843324,52,18,SMN
1235,0.2878440012540618,52,20,SMN
1236,0.34325749786826704,52,22,SMN
1237,0.07600886642370958,52,25,SMN
1238,0.8977162998428593,52,27,SMN
1239,0.7825305059482228,52,29,SMN
1240,0.0958816768317063,52,31,SMN
1241,0.44040553589854586,52,17,SMN
1242,0.19961149184894536,52,19,SMN
1243,0.3755282037148466,52,21,SMN
1244,0.5729090337306345,52,24,SMN
1245,0.3390685890443578,52,26,SMN
1246,0.08935554459789725,52,28,SMN
1247,0.09176600992282113,52,30,SMN
1248,0.3151439206353005,53,02,SMN
1249,0.5668682951325458,53,03,SMN
1250,0.22299240307969007,53,04,SMN
1251,0.36879039386110746,53,06,SMN
1252,0.145306010342986,53,08,SMN
1253,6.091554818357017e-05,53,09,SMN
1254,0.45363962451766465,53,10,SMN
1255,0.04932106228022173,53,12,SMN
1256,0.813117751098575,53,14,SMN
1257,0.10994632601484697,53,15,SMN
1258,0.15864653102685983,53,18,SMN
1259,0.3103788755019178,53,20,SMN
1260,0.20861951756609728,53,22,SMN
1261,0.13188347761203864,53,25,SMN
1262,0.3457933470374251,53,27,SMN
1263,0.48070922899607904,53,29,SMN
1264,0.1899515227996092,53,31,SMN
1265,0.038247796380996714,53,17,SMN
1266,0.1472282833723991,53,19,SMN
1267,0.144633436389337,53,21,SMN
1268,0.3527150040930465,53,24,SMN
1269,0.2926797953268772,53,26,SMN
1270,0.5779979040448838,53,28,SMN
1271,0.07715402556396553,53,30,SMN
1272,1.1651482543838623,54,02,SMN
1273,0.3264709678846071,54,03,SMN
1274,0.24971034365359188,54,04,SMN
1275,0.6577794368149733,54,06,SMN
1276,0.2979016261043213,54,08,SMN
1277,0.3251667678473675,54,09,SMN
1278,0.4708473918611237,54,10,SMN
1279,0.2959808777826791,54,12,SMN
1280,0.4324264670997484,54,14,SMN
1281,0.20917792482568104,54,15,SMN
1282,0.06646794905172883,54,18,SMN
1283,0.2592267510457089,54,20,SMN
1284,0.03837214765014137,54,22,SMN
1285,0.15956761498424757,54,25,SMN
1286,0.7971495821353655,54,27,SMN
1287,0.41215940396793943,54,29,SMN
1288,0.0006189113960584743,54,31,SMN
1289,0.11690357315473128,54,17,SMN
1290,0.20205519278744288,54,19,SMN
1291,0.27444255313575533,54,21,SMN
1292,0.44782539592103604,54,24,SMN
1293,0.7070949913838779,54,26,SMN
1294,0.032196013441496536,54,28,SMN
1295,0.22145883259028884,54,30,SMN
1296,0.647295026844803,55,02,SMN
1297,0.22723632159524104,55,03,SMN
1298,0.1270885607318211,55,04,SMN
1299,0.17878279577783504,55,06,SMN
1300,0.23398448825418938,55,08,SMN
1301,0.5798310849781169,55,09,SMN
1302,0.37689452369288784,55,10,SMN
1303,0.08718016340587235,55,12,SMN
1304,0.4470953269173423,55,14,SMN
1305,0.05796163439157021,55,15,SMN
1306,0.032177788229874965,55,18,SMN
1307,0.3658117556162587,55,20,SMN
1308,0.0091808638908706,55,22,SMN
1309,0.07205989657835264,55,25,SMN
1310,0.4615343006722327,55,27,SMN
1311,0.6218272877562528,55,29,SMN
1312,0.07806436194394878,55,31,SMN
1313,0.06816746653825914,55,17,SMN
1314,0.023583316525053095,55,19,SMN
1315,0.0951183475252644,55,21,SMN
1316,0.4613823140196657,55,24,SMN
1317,0.22031018320121104,55,26,SMN
1318,0.05287872481604217,55,28,SMN
1319,0.06679416280831456,55,30,SMN
1320,0.9448486373864899,56,02,SMN
1321,0.01870624862199187,56,03,SMN
1322,0.07312610745956549,56,04,SMN
1323,0.31874795471821565,56,06,SMN
1324,0.25156347105390936,56,08,SMN
1325,0.7272613025668877,56,09,SMN
1326,0.19116378658878488,56,10,SMN
1327,0.2043923840687928,56,12,SMN
1328,0.3181610201257952,56,14,SMN
1329,0.10628471397372845,56,15,SMN
1330,0.5720163303276221,56,18,SMN
1331,0.0022336057531796567,56,20,SMN
1332,0.3108804950385557,56,22,SMN
1333,0.0008813110517843374,56,25,SMN
1334,0.523747786152557,56,27,SMN
1335,0.2323765331894848,56,29,SMN
1336,0.13563538712047352,56,31,SMN
1337,0.2746029837027505,56,17,SMN
1338,0.5788512060452216,56,19,SMN
1339,0.28792609460708146,56,21,SMN
1340,0.3971147347077865,56,24,SMN
1341,0.278266257891998,56,26,SMN
1342,0.2541979152742546,56,28,SMN
1343,0.030393531594029407,56,30,SMN
1344,0.3862674838835313,57,02,CON
1345,0.0694270871991643,57,03,CON
1346,0.028800447513519373,57,04,CON
1347,0.3882559740738104,57,06,CON
1348,0.041075416723092395,57,08,CON
1349,0.07347575637310043,57,09,CON
1350,0.17916615365797803,57,10,CON
1351,0.0023192490318035704,57,12,CON
1352,0.025063046131770236,57,14,CON
1353,0.0018955442040015486,57,15,CON
1354,0.571826116044102,57,18,CON
1355,0.11493506593925622,57,20,CON
1356,0.12240186236493374,57,22,CON
1357,0.2771658280599338,57,25,CON
1358,0.0962031102042938,57,27,CON
1359,0.33375506034619196,57,29,CON
1360,0.020578647830584055,57,31,CON
1361,0.008287503751831923,57,17,CON
1362,0.03912829710960971,57,19,CON
1363,0.0020956742411508706,57,21,CON
1364,0.5459263623514732,57,24,CON
1365,0.18104612544336254,57,26,CON
1366,0.11860066757150863,57,28,CON
1367,0.22492476356308744,57,30,CON
1368,0.07665133379252355,58,02,CON
1369,0.5063835869582194,58,03,CON
1370,0.12732691473479868,58,04,CON
1371,0.5380204311981417,58,06,CON
1372,0.20356746252974856,58,08,CON
1373,0.2800596814282166,58,09,CON
1374,0.15102473026927066,58,10,CON
1375,0.0031927736794935863,58,12,CON
1376,0.12610024383920188,58,14,CON
1377,0.006000602268279705,58,15,CON
1378,0.35939690575438527,58,18,CON
1379,0.08967170626696089,58,20,CON
1380,0.15487149541927492,58,22,CON
1381,0.014997078983181603,58,25,CON
1382,0.2246956468134847,58,27,CON
1383,0.1032117380527109,58,29,CON
1384,0.2386964803423446,58,31,CON
1385,0.09419516508729518,58,17,CON
1386,0.14833505591265717,58,19,CON
1387,0.10730102349384267,58,21,CON
1388,0.6183807176539903,58,24,CON
1389,0.11533369504954713,58,26,CON
1390,0.0727980733178849,58,28,CON
1391,0.02482976921168334,58,30,CON
1392,0.39304208439941535,59,02,CON
1393,0.18141034574535406,59,03,CON
1394,0.039044820648562906,59,04,CON
1395,0.2649296137138164,59,06,CON
1396,0.23588964001955054,59,08,CON
1397,0.13719150577820327,59,09,CON
1398,0.006559716852755343,59,10,CON
1399,0.03238061858619131,59,12,CON
1400,0.47039939823482235,59,14,CON
1401,0.17883274488249548,59,15,CON
1402,0.18246734890122612,59,18,CON
1403,0.09188648815623962,59,20,CON
1404,0.13956086364335926,59,22,CON
1405,0.13121145386840785,59,25,CON
1406,0.4485408840435067,59,27,CON
1407,0.21356387807511004,59,29,CON
1408,0.007557602498175441,59,31,CON
1409,0.3492913912161377,59,17,CON
1410,0.11327620478136746,59,19,CON
1411,0.05610096823012953,59,21,CON
1412,0.43779950712123816,59,24,CON
1413,0.19596644286243284,59,26,CON
1414,0.00041595388441643814,59,28,CON
1415,0.15735267311252002,59,30,CON
1416,0.4961826124480284,60,02,CON
1417,0.15398535734688595,60,03,CON
1418,0.19837936957964375,60,04,CON
1419,0.19002189680963805,60,06,CON
1420,0.49358957540786297,60,08,CON
1421,0.5479020328933448,60,09,CON
1422,0.10223910875355144,60,10,CON
1423,0.23796559455057711,60,12,CON
1424,0.7467429872793979,60,14,CON
1425,0.0686210010688715,60,15,CON
1426,0.06911203349350468,60,18,CON
1427,0.035751614120386487,60,20,CON
1428,0.4767051123895262,60,22,CON
1429,0.30230648834807955,60,25,CON
1430,0.3975107407719053,60,27,CON
1431,0.12579638969864423,60,29,CON
1432,0.19315958452697463,60,31,CON
1433,0.19321527579306386,60,17,CON
1434,0.01759598862791498,60,19,CON
1435,0.016463070006659274,60,21,CON
1436,0.5862638251847198,60,24,CON
1437,0.1979128313426123,60,26,CON
1438,0.3808520269221766,60,28,CON
1439,0.2072271800582782,60,30,CON
1440,0.1271322701586756,61,02,DMN
1441,0.5681964564814895,61,03,DMN
1442,0.44380356796689974,61,04,DMN
1443,0.21479781358096117,61,06,DMN
1444,0.0007502797856650228,61,08,DMN
1445,0.11330674719413775,61,09,DMN
1446,0.42339618877820656,61,10,DMN
1447,0.06689022247650521,61,12,DMN
1448,0.07767569594426654,61,14,DMN
1449,0.012650477751820755,61,15,DMN
1450,0.005425560952390695,61,18,DMN
1451,0.19466809881918823,61,20,DMN
1452,0.1290695373126574,61,22,DMN
1453,0.12320872449569689,61,25,DMN
1454,0.4087961807048736,61,27,DMN
1455,0.794163295817408,61,29,DMN
1456,0.05436932587392749,61,31,DMN
1457,0.1875721647523774,61,17,DMN
1458,0.01781165502747245,61,19,DMN
1459,0.003732310314346985,61,21,DMN
1460,0.007030168184562127,61,24,DMN
1461,0.42247559763397957,61,26,DMN
1462,0.03485733357771048,61,28,DMN
1463,0.5684980011804515,61,30,DMN
1464,0.07592299081640635,62,02,DMN
1465,0.24056559124101212,62,03,DMN
1466,0.07666139303577475,62,04,DMN
1467,0.3436039028071753,62,06,DMN
1468,0.01429633422109776,62,08,DMN
1469,0.3442102462418165,62,09,DMN
1470,0.177257346857183,62,10,DMN
1471,0.007074565036952983,62,12,DMN
1472,0.349165265732758,62,14,DMN
1473,0.009556007642061286,62,15,DMN
1474,0.0012038198056157738,62,18,DMN
1475,0.20769549319719546,62,20,DMN
1476,0.07575825492449176,62,22,DMN
1477,0.0944835228687993,62,25,DMN
1478,0.47490627774324784,62,27,DMN
1479,0.14714424711074378,62,29,DMN
1480,0.005820333942773793,62,31,DMN
1481,0.10831742864714425,62,17,DMN
1482,0.0005819438865614408,62,19,DMN
1483,0.005749063866635565,62,21,DMN
1484,0.2989529711518781,62,24,DMN
1485,0.18203060368394308,62,26,DMN
1486,0.02068046400139186,62,28,DMN
1487,0.0010814520233674392,62,30,DMN
1488,0.32515974163681816,63,02,FPN
1489,0.23294919446156048,63,03,FPN
1490,0.047585345118749525,63,04,FPN
1491,0.31576460160743286,63,06,FPN
1492,0.1907457118015017,63,08,FPN
1493,0.13414723946790097,63,09,FPN
1494,0.2900906255225478,63,10,FPN
1495,0.16044711986377658,63,12,FPN
1496,0.36578924097211235,63,14,FPN
1497,0.008212291261400521,63,15,FPN
1498,0.16598924487714953,63,18,FPN
1499,0.5466994049048028,63,20,FPN
1500,0.12063470442824842,63,22,FPN
1501,0.37385412365061566,63,25,FPN
1502,0.8013316052857569,63,27,FPN
1503,0.051515447588565084,63,29,FPN
1504,0.23359501935134228,63,31,FPN
1505,0.5213542362208505,63,17,FPN
1506,0.16235179550415005,63,19,FPN
1507,0.049265628443764586,63,21,FPN
1508,0.3521423683221032,63,24,FPN
1509,0.0441112408666205,63,26,FPN
1510,0.0003724088448308331,63,28,FPN
1511,0.027751094130152455,63,30,FPN
1512,0.14506046388549054,64,02,DMN
1513,0.32658408731184724,64,03,DMN
1514,0.141050831023605,64,04,DMN
1515,0.028269107792066483,64,06,DMN
1516,0.014914107281687296,64,08,DMN
1517,0.2094485059276118,64,09,DMN
1518,0.6087323345299344,64,10,DMN
1519,0.2091238624768118,64,12,DMN
1520,0.17006977736473564,64,14,DMN
1521,0.008107268676500697,64,15,DMN
1522,0.00490752084364876,64,18,DMN
1523,0.20055318998784627,64,20,DMN
1524,0.47956245080604015,64,22,DMN
1525,0.09760418409336757,64,25,DMN
1526,0.15807337995530646,64,27,DMN
1527,0.1578521724795864,64,29,DMN
1528,0.024715234138542187,64,31,DMN
1529,0.4177468956915247,64,17,DMN
1530,0.09900169579748115,64,19,DMN
1531,0.19244619076425018,64,21,DMN
1532,0.09110868950813181,64,24,DMN
1533,0.2115938442867662,64,26,DMN
1534,2.1183920624399905e-05,64,28,DMN
1535,0.047733302277838015,64,30,DMN
1536,0.12049398328402285,65,02,DMN
1537,0.4082842299295549,65,03,DMN
1538,0.07416573523434533,65,04,DMN
1539,0.13577951212809314,65,06,DMN
1540,0.02720582430152223,65,08,DMN
1541,0.07382475734313483,65,09,DMN
1542,0.2364397514708761,65,10,DMN
1543,0.07995811568060769,65,12,DMN
1544,0.25023353523704567,65,14,DMN
1545,0.06106748023090751,65,15,DMN
1546,0.0008003729743532931,65,18,DMN
1547,0.10677150610798469,65,20,DMN
1548,0.3123931083886785,65,22,DMN
1549,0.06546649579267041,65,25,DMN
1550,0.2130268220517544,65,27,DMN
1551,0.06313973544932502,65,29,DMN
1552,0.027069068606998502,65,31,DMN
1553,0.35142325161106663,65,17,DMN
1554,0.3407852432126576,65,19,DMN
1555,0.05624169691336645,65,21,DMN
1556,0.13330369025602945,65,24,DMN
1557,0.13479591508375105,65,26,DMN
1558,0.015440574120908126,65,28,DMN
1559,0.26257094015322907,65,30,DMN
1560,0.0064127711589882395,66,02,DMN
1561,0.4989044285276742,66,03,DMN
1562,0.0008530485140649791,66,04,DMN
1563,0.011965355134219634,66,06,DMN
1564,0.08958687740055482,66,08,DMN
1565,0.026041710259235816,66,09,DMN
1566,0.488280061404099,66,10,DMN
1567,0.13821804625156617,66,12,DMN
1568,0.04476216294562021,66,14,DMN
1569,0.0009611851872598317,66,15,DMN
1570,0.004832436804657037,66,18,DMN
1571,0.12590404889579326,66,20,DMN
1572,0.21780683147384378,66,22,DMN
1573,0.19656748132184124,66,25,DMN
1574,0.8017662686897555,66,27,DMN
1575,0.36517958675656637,66,29,DMN
1576,0.10030342276445028,66,31,DMN
1577,0.09578619000593534,66,17,DMN
1578,0.022182105754013033,66,19,DMN
1579,0.0028904420476200724,66,21,DMN
1580,0.08905810671905455,66,24,DMN
1581,0.03401621240226789,66,26,DMN
1582,0.002273060300420569,66,28,DMN
1583,0.2860273783452921,66,30,DMN
1584,0.5571961537344133,67,02,DMN
1585,0.4372833739675718,67,03,DMN
1586,0.26486683254547294,67,04,DMN
1587,0.011138705520404527,67,06,DMN
1588,0.07263126002703349,67,08,DMN
1589,0.14496042646444057,67,09,DMN
1590,0.1363850327683735,67,10,DMN
1591,0.01748202393222007,67,12,DMN
1592,0.37392898609737363,67,14,DMN
1593,0.10252669252726826,67,15,DMN
1594,0.30407343399276504,67,18,DMN
1595,0.28180274943538425,67,20,DMN
1596,0.11347865037563026,67,22,DMN
1597,0.20684057846579793,67,25,DMN
1598,0.6744931456082947,67,27,DMN
1599,0.23747185714943742,67,29,DMN
1600,0.055210443901415246,67,31,DMN
1601,0.2840493408354263,67,17,DMN
1602,0.17843203065059351,67,19,DMN
1603,0.01926360282886222,67,21,DMN
1604,0.180798597080589,67,24,DMN
1605,0.16887414857178012,67,26,DMN
1606,0.10239782085935283,67,28,DMN
1607,0.08179821505197403,67,30,DMN
1608,0.5193090250121495,68,02,DMN
1609,0.6888659472407876,68,03,DMN
1610,0.10734560004006659,68,04,DMN
1611,0.3832069993714137,68,06,DMN
1612,0.2647125621252741,68,08,DMN
1613,0.11010876211861717,68,09,DMN
1614,0.32797708206396425,68,10,DMN
1615,0.00021457048151850422,68,12,DMN
1616,0.26932695559511,68,14,DMN
1617,0.018300665418149252,68,15,DMN
1618,0.09385154112791014,68,18,DMN
1619,0.0005567532589985909,68,20,DMN
1620,0.05006234613983569,68,22,DMN
1621,0.3745288304181905,68,25,DMN
1622,1.0773064424853929,68,27,DMN
1623,0.32535411232070577,68,29,DMN
1624,0.001361505847412975,68,31,DMN
1625,0.3840259486603812,68,17,DMN
1626,0.048126450222467525,68,19,DMN
1627,0.012694176372072409,68,21,DMN
1628,0.5504447354311,68,24,DMN
1629,0.40235253955199096,68,26,DMN
1630,0.0008063428129334392,68,28,DMN
1631,0.05546189053907794,68,30,DMN
1632,0.45835629552350377,69,02,DMN
1633,0.1763499635791976,69,03,DMN
1634,0.28471027468094035,69,04,DMN
1635,0.36590364380722756,69,06,DMN
1636,0.04257425698810836,69,08,DMN
1637,0.06756776530016899,69,09,DMN
1638,0.22747222697441186,69,10,DMN
1639,0.043459657371663726,69,12,DMN
1640,0.10838757328130515,69,14,DMN
1641,0.12169070694688404,69,15,DMN
1642,0.003758796554766693,69,18,DMN
1643,0.6021995794450308,69,20,DMN
1644,0.06850127301054665,69,22,DMN
1645,0.14058861493649843,69,25,DMN
1646,0.30494787607925633,69,27,DMN
1647,0.038037906440917375,69,29,DMN
1648,0.0030882300914470656,69,31,DMN
1649,0.05917428941868462,69,17,DMN
1650,0.004632276876821861,69,19,DMN
1651,0.002587312045695549,69,21,DMN
1652,0.006006686830723777,69,24,DMN
1653,0.0300646826875677,69,26,DMN
1654,0.21973830188356303,69,28,DMN
1655,0.06465439051760298,69,30,DMN
1656,0.05916601078839765,70,02,DMN
1657,0.1599040938259064,70,03,DMN
1658,0.14526862138142574,70,04,DMN
1659,0.11709073223213123,70,06,DMN
1660,0.05230789266098025,70,08,DMN
1661,0.12137858080296618,70,09,DMN
1662,0.2856551356705867,70,10,DMN
1663,0.04669075626504335,70,12,DMN
1664,0.03110544686775365,70,14,DMN
1665,0.0010636593245574614,70,15,DMN
1666,0.0011710380474511215,70,18,DMN
1667,0.036948672814822454,70,20,DMN
1668,0.029951190209465253,70,22,DMN
1669,0.3730370951316998,70,25,DMN
1670,0.05346048874763899,70,27,DMN
1671,0.11222016827982655,70,29,DMN
1672,0.0039007412766712077,70,31,DMN
1673,0.1334081612364746,70,17,DMN
1674,0.12901083632545884,70,19,DMN
1675,0.028549081432444067,70,21,DMN
1676,0.15827918235891011,70,24,DMN
1677,0.009494376599202723,70,26,DMN
1678,0.1120309743691703,70,28,DMN
1679,0.01514539270002897,70,30,DMN
1680,0.5509977565982686,71,02,DMN
1681,0.44910275401384764,71,03,DMN
1682,0.0452104020303449,71,04,DMN
1683,0.08071967458719695,71,06,DMN
1684,0.030196308298684065,71,08,DMN
1685,0.19746721424537714,71,09,DMN
1686,0.803539908285133,71,10,DMN
1687,0.0038645908674911373,71,12,DMN
1688,0.17958374057899665,71,14,DMN
1689,0.009705662313178418,71,15,DMN
1690,0.001064945261709562,71,18,DMN
1691,0.3590273311843386,71,20,DMN
1692,0.1772510274217386,71,22,DMN
1693,0.1683130491349065,71,25,DMN
1694,0.1379827466068212,71,27,DMN
1695,0.2096779367701583,71,29,DMN
1696,0.010178711143448033,71,31,DMN
1697,0.20893163134588408,71,17,DMN
1698,0.1390937566360592,71,19,DMN
1699,0.012634540420754393,71,21,DMN
1700,0.29599269061003813,71,24,DMN
1701,0.02582913786756192,71,26,DMN
1702,0.04452463670813652,71,28,DMN
1703,0.09844144779932407,71,30,DMN
1704,0.4130542178539052,72,02,DMN
1705,0.6198253826602428,72,03,DMN
1706,0.016570561365237126,72,04,DMN
1707,0.5211045317351323,72,06,DMN
1708,0.03416390216874429,72,08,DMN
1709,0.536002762099657,72,09,DMN
1710,0.463524204163055,72,10,DMN
1711,0.09884342184512171,72,12,DMN
1712,0.07840104249597267,72,14,DMN
1713,0.009130185793017026,72,15,DMN
1714,0.02256093879552986,72,18,DMN
1715,0.14510734206557382,72,20,DMN
1716,0.00690812788141579,72,22,DMN
1717,0.15215036919247119,72,25,DMN
1718,0.4785022281637808,72,27,DMN
1719,0.17352159388506744,72,29,DMN
1720,0.018865836718539686,72,31,DMN
1721,0.2515842425157938,72,17,DMN
1722,0.18331095813559847,72,19,DMN
1723,0.0025960940031323106,72,21,DMN
1724,0.17233124671923342,72,24,DMN
1725,0.2426843510993425,72,26,DMN
1726,0.07888351461574479,72,28,DMN
1727,0.04658602347634159,72,30,DMN
1728,0.9379052894417712,73,02,FPN
1729,0.2660333228427516,73,03,FPN
1730,0.29261431394533977,73,04,FPN
1731,0.778290527994349,73,06,FPN
1732,0.1377881239007788,73,08,FPN
1733,0.23838144058952393,73,09,FPN
1734,0.19666153425928476,73,10,FPN
1735,0.08671464294593777,73,12,FPN
1736,0.2522838644449031,73,14,FPN
1737,0.048466706333754606,73,15,FPN
1738,0.3557474171066895,73,18,FPN
1739,0.19680339617445855,73,20,FPN
1740,0.1764198175036526,73,22,FPN
1741,0.3751059166432442,73,25,FPN
1742,0.8734971564197195,73,27,FPN
1743,0.34689386123291793,73,29,FPN
1744,0.01768643474383923,73,31,FPN
1745,0.8633897762412341,73,17,FPN
1746,0.6057677824249162,73,19,FPN
1747,0.014992729077867932,73,21,FPN
1748,0.46877572997748607,73,24,FPN
1749,0.5824385588954952,73,26,FPN
1750,0.22258595412388377,73,28,FPN
1751,0.09028936135870642,73,30,FPN
1752,0.2910625942836566,74,02,LAN
1753,0.01563504068785064,74,03,LAN
1754,0.1828314733983373,74,04,LAN
1755,0.29824296578108217,74,06,LAN
1756,0.025383217743767256,74,08,LAN
1757,0.13298363617691292,74,09,LAN
1758,0.8526378191440184,74,10,LAN
1759,0.09455928796459305,74,12,LAN
1760,0.2729103769658225,74,14,LAN
1761,0.00707347458189646,74,15,LAN
1762,0.410538493981914,74,18,LAN
1763,0.5849543293031895,74,20,LAN
1764,0.09491823402744799,74,22,LAN
1765,0.4930811889211816,74,25,LAN
1766,0.28749664321930396,74,27,LAN
1767,0.10735764561733445,74,29,LAN
1768,0.2204545329658298,74,31,LAN
1769,0.1262787620362087,74,17,LAN
1770,0.17192939804649138,74,19,LAN
1771,0.14765392251863727,74,21,LAN
1772,0.20779156621523323,74,24,LAN
1773,0.115869782005256,74,26,LAN
1774,0.0169508143915294,74,28,LAN
1775,0.0337856753553224,74,30,LAN
1776,0.13185341357384733,75,02,LAN
1777,0.5979675143477405,75,03,LAN
1778,0.7933212709730327,75,04,LAN
1779,0.36480958594286333,75,06,LAN
1780,0.050090182232883626,75,08,LAN
1781,0.06094302650892661,75,09,LAN
1782,0.6500082568086593,75,10,LAN
1783,0.03147428524984612,75,12,LAN
1784,0.20410838796076514,75,14,LAN
1785,0.0996006649026841,75,15,LAN
1786,0.04061223510419883,75,18,LAN
1787,0.39455374802709314,75,20,LAN
1788,0.1304030288200356,75,22,LAN
1789,0.32254346467980866,75,25,LAN
1790,0.4661246550827349,75,27,LAN
1791,0.28440422565788065,75,29,LAN
1792,0.001990669407992033,75,31,LAN
1793,0.43987248190179,75,17,LAN
1794,0.21817950139685405,75,19,LAN
1795,0.00686429930690668,75,21,LAN
1796,0.34971125823335986,75,24,LAN
1797,0.03293923521083469,75,26,LAN
1798,0.0016481452117854225,75,28,LAN
1799,0.16542294054036605,75,30,LAN
1800,0.1048745939017148,76,02,DMN
1801,0.20932016917438045,76,03,DMN
1802,0.7191954828496415,76,04,DMN
1803,0.05954718336672607,76,06,DMN
1804,0.015162662658455,76,08,DMN
1805,0.15566310049450502,76,09,DMN
1806,0.8275411948215384,76,10,DMN
1807,0.03548488512727206,76,12,DMN
1808,0.2463463250552948,76,14,DMN
1809,0.016019677227196827,76,15,DMN
1810,0.12885470662885384,76,18,DMN
1811,0.31413130839603826,76,20,DMN
1812,0.06911019807852355,76,22,DMN
1813,0.0713823088959009,76,25,DMN
1814,0.24330495421173465,76,27,DMN
1815,0.35754371670437435,76,29,DMN
1816,0.0160414571071148,76,31,DMN
1817,0.083791013445392,76,17,DMN
1818,0.14394188410585682,76,19,DMN
1819,0.0009712016807050168,76,21,DMN
1820,0.3187934663609368,76,24,DMN
1821,0.17348062254796992,76,26,DMN
1822,0.031863917701448356,76,28,DMN
1823,0.025649084096238648,76,30,DMN
1824,0.023634253485868624,77,02,FPN
1825,0.6150065250505709,77,03,FPN
1826,1.2660623672870288e-06,77,04,FPN
1827,0.22417825866988836,77,06,FPN
1828,0.13245327926500886,77,08,FPN
1829,0.2920545719579394,77,09,FPN
1830,0.4007551348470156,77,10,FPN
1831,0.10116892322096324,77,12,FPN
1832,0.02830284822438091,77,14,FPN
1833,0.1890611808171861,77,15,FPN
1834,0.05776342885251373,77,18,FPN
1835,0.5410312598164193,77,20,FPN
1836,0.14948590526542913,77,22,FPN
1837,0.0032427395879358776,77,25,FPN
1838,0.8583125846866685,77,27,FPN
1839,0.17687494560621814,77,29,FPN
1840,0.023679860076349094,77,31,FPN
1841,0.9035555532491892,77,17,FPN
1842,0.04228645517576513,77,19,FPN
1843,0.07528525298798538,77,21,FPN
1844,0.0012301966770323297,77,24,FPN
1845,0.14216268808354576,77,26,FPN
1846,0.2865113729894439,77,28,FPN
1847,0.0008014620849212404,77,30,FPN
1848,1.2939991590252504,78,02,CON
1849,0.32653186764991254,78,03,CON
1850,0.5614292648909482,78,04,CON
1851,0.9144032224166638,78,06,CON
1852,0.4040055956311163,78,08,CON
1853,0.4372903550994322,78,09,CON
1854,0.3547250561378082,78,10,CON
1855,0.22261742574274354,78,12,CON
1856,0.13758586514065374,78,14,CON
1857,0.015113948842521983,78,15,CON
1858,0.31407673165829364,78,18,CON
1859,0.12494474270131052,78,20,CON
1860,0.24284399399318227,78,22,CON
1861,0.26115577618807,78,25,CON
1862,0.5966016007899456,78,27,CON
1863,0.508115469477496,78,29,CON
1864,0.03000898711151876,78,31,CON
1865,0.04567864750937801,78,17,CON
1866,0.470281573090078,78,19,CON
1867,0.3361191246950948,78,21,CON
1868,0.5078161060965889,78,24,CON
1869,0.5253163175437144,78,26,CON
1870,0.07885459337860554,78,28,CON
1871,0.06138737492836423,78,30,CON
1872,0.6445299628076996,79,02,LAN
1873,0.32270832383564346,79,03,LAN
1874,0.4672060013274336,79,04,LAN
1875,0.18480148506915128,79,06,LAN
1876,0.22494426114991906,79,08,LAN
1877,0.2027688223773188,79,09,LAN
1878,0.22922436708610172,79,10,LAN
1879,0.2880782162616462,79,12,LAN
1880,0.2873414861855098,79,14,LAN
1881,0.0795234510063134,79,15,LAN
1882,0.12949147476070005,79,18,LAN
1883,0.025083719133926242,79,20,LAN
1884,0.1765245227775489,79,22,LAN
1885,0.5490584900454634,79,25,LAN
1886,0.8191780844673306,79,27,LAN
1887,0.5163764766338854,79,29,LAN
1888,0.0010788692162516382,79,31,LAN
1889,0.6504713846463488,79,17,LAN
1890,0.1207465519120672,79,19,LAN
1891,0.02400407415995348,79,21,LAN
1892,0.5447941230907999,79,24,LAN
1893,0.3689610459030097,79,26,LAN
1894,0.051515892244662985,79,28,LAN
1895,0.271996194361164,79,30,LAN
1896,0.17682604684498127,80,02,FPN
1897,0.14622607799047407,80,03,FPN
1898,0.5411695086729106,80,04,FPN
1899,0.5150545034170589,80,06,FPN
1900,0.4838030031976036,80,08,FPN
1901,0.3061441977976783,80,09,FPN
1902,0.5280784028164026,80,10,FPN
1903,0.20892594553980745,80,12,FPN
1904,0.2466967879605561,80,14,FPN
1905,0.4252628290388922,80,15,FPN
1906,0.07087133095690375,80,18,FPN
1907,0.132683822164759,80,20,FPN
1908,0.07105705566944956,80,22,FPN
1909,0.019920565217047048,80,25,FPN
1910,0.627341070793072,80,27,FPN
1911,0.1865832721907853,80,29,FPN
1912,0.2585028038262468,80,31,FPN
1913,0.14428483347400442,80,17,FPN
1914,0.222115560367736,80,19,FPN
1915,0.3337422943269874,80,21,FPN
1916,0.9530575065388951,80,24,FPN
1917,0.229757143995506,80,26,FPN
1918,0.00027493247485146867,80,28,FPN
1919,0.08498613549747865,80,30,FPN
1920,0.4886678128038461,81,02,LAN
1921,0.6622554580708316,81,03,LAN
1922,0.05838359469566045,81,04,LAN
1923,0.22786097227182073,81,06,LAN
1924,0.13722122601946274,81,08,LAN
1925,0.3390501946181974,81,09,LAN
1926,0.3641161368753984,81,10,LAN
1927,0.06226475331244728,81,12,LAN
1928,0.7213586323507245,81,14,LAN
1929,0.06045979665560202,81,15,LAN
1930,0.3738187525143009,81,18,LAN
1931,0.07779259802389236,81,20,LAN
1932,0.2768632525139344,81,22,LAN
1933,0.5839472838712554,81,25,LAN
1934,0.6466362054690273,81,27,LAN
1935,0.2968591258255102,81,29,LAN
1936,0.02738157937354346,81,31,LAN
1937,0.2563961249377368,81,17,LAN
1938,0.09147775445080199,81,19,LAN
1939,0.02928653453609573,81,21,LAN
1940,0.7891633662114043,81,24,LAN
1941,0.2646672154192023,81,26,LAN
1942,0.02193047313565709,81,28,LAN
1943,0.2798150744483654,81,30,LAN
1944,0.45654057123004477,82,02,FPN
1945,0.15520411178071253,82,03,FPN
1946,0.13226186493830502,82,04,FPN
1947,0.1155586389311778,82,06,FPN
1948,0.5399597647858854,82,08,FPN
1949,0.45110969808779805,82,09,FPN
1950,0.5570009931522798,82,10,FPN
1951,2.1135365168091727e-07,82,12,FPN
1952,0.36301522329933833,82,14,FPN
1953,0.09137142616269857,82,15,FPN
1954,0.033316567188493344,82,18,FPN
1955,0.31849253039638814,82,20,FPN
1956,0.21173739221168006,82,22,FPN
1957,0.1093739362318548,82,25,FPN
1958,0.9790237615211631,82,27,FPN
1959,0.39745017196209625,82,29,FPN
1960,0.017938048192141568,82,31,FPN
1961,0.36851584075769656,82,17,FPN
1962,0.08366134340044,82,19,FPN
1963,0.11842596676562696,82,21,FPN
1964,0.2790588298484666,82,24,FPN
1965,0.31051093382925443,82,26,FPN
1966,0.008215555792974047,82,28,FPN
1967,0.06535571337951912,82,30,FPN
1968,0.44441349945472686,83,02,FPN
1969,0.3932807473008331,83,03,FPN
1970,0.40044470481343253,83,04,FPN
1971,0.7092722854778065,83,06,FPN
1972,0.44463713549512446,83,08,FPN
1973,0.2428568875174102,83,09,FPN
1974,0.055185985287615785,83,10,FPN
1975,0.04087768722852991,83,12,FPN
1976,0.42799709741744874,83,14,FPN
1977,0.13792166005009862,83,15,FPN
1978,0.33543869618003364,83,18,FPN
1979,0.0766441227846713,83,20,FPN
1980,0.34296845395750075,83,22,FPN
1981,0.13452846855370335,83,25,FPN
1982,0.9237691792428568,83,27,FPN
1983,0.18911056699953097,83,29,FPN
1984,0.0024312100781497836,83,31,FPN
1985,0.8623832194530899,83,17,FPN
1986,0.35933030888736894,83,19,FPN
1987,0.010258097955722693,83,21,FPN
1988,0.6845644210241019,83,24,FPN
1989,0.3149137873938539,83,26,FPN
1990,0.05664545742718028,83,28,FPN
1991,0.05843038678899375,83,30,FPN
1992,0.6232125278074575,84,02,CON
1993,0.4081722373988552,84,03,CON
1994,0.15449441565656524,84,04,CON
1995,0.1506207341025684,84,06,CON
1996,0.20411177811642914,84,08,CON
1997,0.29329308379803853,84,09,CON
1998,0.052604638098018984,84,10,CON
1999,0.12994770758413574,84,12,CON
2000,0.09548718919049355,84,14,CON
2001,0.12949327899284602,84,15,CON
2002,0.11840180936871408,84,18,CON
2003,0.1131812974027048,84,20,CON
2004,0.4791618391308398,84,22,CON
2005,0.19365133818763208,84,25,CON
2006,0.6611198258938086,84,27,CON
2007,0.6356224752889084,84,29,CON
2008,0.06149499868144743,84,31,CON
2009,1.0049637182126592,84,17,CON
2010,0.008617239993144328,84,19,CON
2011,0.0012404433013108063,84,21,CON
2012,0.5039317381702731,84,24,CON
2013,0.237098302888246,84,26,CON
2014,0.05265454956363272,84,28,CON
2015,0.13251468200007344,84,30,CON
2016,0.1642618702206105,85,02,FPN
2017,0.5741110250973485,85,03,FPN
2018,0.19234837833039758,85,04,FPN
2019,0.9012354188204558,85,06,FPN
2020,0.11916765715757009,85,08,FPN
2021,0.048026088523763236,85,09,FPN
2022,0.054702863920823644,85,10,FPN
2023,0.3872696175617151,85,12,FPN
2024,0.07679169367973183,85,14,FPN
2025,0.048504482793194276,85,15,FPN
2026,0.00925594608490661,85,18,FPN
2027,0.8588769815399702,85,20,FPN
2028,0.08852754874460318,85,22,FPN
2029,0.24007218834135458,85,25,FPN
2030,0.8002102236662169,85,27,FPN
2031,0.13918934974403313,85,29,FPN
2032,0.036732474453386794,85,31,FPN
2033,0.9160173937361643,85,17,FPN
2034,0.010535434275020895,85,19,FPN
2035,0.2504978667615497,85,21,FPN
2036,0.1555115235675445,85,24,FPN
2037,0.08551664300711888,85,26,FPN
2038,0.0004509024615738201,85,28,FPN
2039,0.06699986990843887,85,30,FPN
2040,0.86768065519312,86,02,CON
2041,0.4248590898382899,86,03,CON
2042,0.08598535285124072,86,04,CON
2043,0.05866963364419704,86,06,CON
2044,0.33468645531096985,86,08,CON
2045,0.20403732046475362,86,09,CON
2046,0.4205700920764792,86,10,CON
2047,0.12443313465689121,86,12,CON
2048,0.37317549637859165,86,14,CON
2049,0.40019697888341765,86,15,CON
2050,0.0662475438229123,86,18,CON
2051,0.44149418635567833,86,20,CON
2052,0.10927383381697078,86,22,CON
2053,0.07973676145291277,86,25,CON
2054,0.9857618405687385,86,27,CON
2055,0.23981961922443798,86,29,CON
2056,0.13659986071364774,86,31,CON
2057,0.5326192382537844,86,17,CON
2058,3.9709636201084316e-05,86,19,CON
2059,0.032979299028956216,86,21,CON
2060,0.6199520279464265,86,24,CON
2061,0.2646902273037823,86,26,CON
2062,0.09029319118638705,86,28,CON
2063,0.1541346200988447,86,30,CON
2064,0.3157015123446643,87,02,DMN
2065,0.1468345240384719,87,03,DMN
2066,0.2788857436419996,87,04,DMN
2067,0.053924226539330135,87,06,DMN
2068,0.009087983256137293,87,08,DMN
2069,0.6389519873148943,87,09,DMN
2070,0.26101870540046185,87,10,DMN
2071,0.2107771142939736,87,12,DMN
2072,0.004367456442888554,87,14,DMN
2073,0.33170945183465667,87,15,DMN
2074,0.11730477228390211,87,18,DMN
2075,0.05914567228500958,87,20,DMN
2076,0.04319414000995572,87,22,DMN
2077,0.10326422462860016,87,25,DMN
2078,0.33612048710764175,87,27,DMN
2079,0.12402263561761523,87,29,DMN
2080,0.08691703231733246,87,31,DMN
2081,0.04994127145431961,87,17,DMN
2082,0.0236115942471761,87,19,DMN
2083,0.004657275225084695,87,21,DMN
2084,0.19718723824594786,87,24,DMN
2085,0.09026716612184638,87,26,DMN
2086,0.016278569227244293,87,28,DMN
2087,5.657713630745706e-05,87,30,DMN
2088,0.3944981229158325,88,02,DMN
2089,0.0552625178362697,88,03,DMN
2090,0.228043230971416,88,04,DMN
2091,0.32621013149610806,88,06,DMN
2092,0.04169586776843482,88,08,DMN
2093,0.0009407436394933837,88,09,DMN
2094,0.2818826210728387,88,10,DMN
2095,0.1260322369160803,88,12,DMN
2096,0.29569385183755836,88,14,DMN
2097,0.04353133040607096,88,15,DMN
2098,0.023426711822951595,88,18,DMN
2099,0.18148593304192182,88,20,DMN
2100,0.023343842219889683,88,22,DMN
2101,0.01896950212798221,88,25,DMN
2102,0.8367246191114226,88,27,DMN
2103,0.3654790533468376,88,29,DMN
2104,0.0035226297879363423,88,31,DMN
2105,0.33791717664145443,88,17,DMN
2106,0.027011771318654943,88,19,DMN
2107,0.18144317177318048,88,21,DMN
2108,0.007320026812956317,88,24,DMN
2109,0.007244845533647658,88,26,DMN
2110,0.0034195581741667774,88,28,DMN
2111,0.15486152989479635,88,30,DMN
2112,0.006882645575533326,89,02,FPN
2113,0.4469466901304618,89,03,FPN
2114,0.0312633387021531,89,04,FPN
2115,0.04525446559055173,89,06,FPN
2116,0.018982537535200593,89,08,FPN
2117,0.18932211477937472,89,09,FPN
2118,0.030125117247534385,89,10,FPN
2119,0.036271954444640875,89,12,FPN
2120,0.00016200532653204777,89,14,FPN
2121,0.0217749051172861,89,15,FPN
2122,0.08265930999392584,89,18,FPN
2123,0.354581109223272,89,20,FPN
2124,0.054606693182833746,89,22,FPN
2125,5.122320050006334e-05,89,25,FPN
2126,0.28492294990674366,89,27,FPN
2127,0.015887638518474006,89,29,FPN
2128,0.002869645941731072,89,31,FPN
2129,0.6094521855640573,89,17,FPN
2130,0.13529606601041824,89,19,FPN
2131,0.04099843384552188,89,21,FPN
2132,0.11266969555031021,89,24,FPN
2133,0.1767740466610777,89,26,FPN
2134,0.011244079562274,89,28,FPN
2135,0.0067151042819403785,89,30,FPN
2136,0.0945474095007302,90,02,DMN
2137,0.44143047454368933,90,03,DMN
2138,0.32940346833909234,90,04,DMN
2139,0.05506829260873517,90,06,DMN
2140,0.29651583021405714,90,08,DMN
2141,0.2794882857801471,90,09,DMN
2142,0.07767596266418922,90,10,DMN
2143,0.0042464821029017386,90,12,DMN
2144,0.14206677321152666,90,14,DMN
2145,0.004640667972272143,90,15,DMN
2146,0.0087103042255179,90,18,DMN
2147,0.2699429507397835,90,20,DMN
2148,0.04450885500337241,90,22,DMN
2149,0.01819570831516789,90,25,DMN
2150,0.3583332433912348,90,27,DMN
2151,0.055449280793877696,90,29,DMN
2152,0.003456799622025619,90,31,DMN
2153,0.09322181227900511,90,17,DMN
2154,0.1792100495086454,90,19,DMN
2155,0.045471413193415515,90,21,DMN
2156,0.10494601178250193,90,24,DMN
2157,0.01075035568409092,90,26,DMN
2158,0.47397007825621545,90,28,DMN
2159,0.0039888994566723976,90,30,DMN
2160,0.13225132441097284,91,02,FPN
2161,0.19108769843500392,91,03,FPN
2162,0.2205728184935035,91,04,FPN
2163,0.14525681873661275,91,06,FPN
2164,0.2048823026970126,91,08,FPN
2165,0.13266202513337844,91,09,FPN
2166,0.058846570961988656,91,10,FPN
2167,0.008216204276275256,91,12,FPN
2168,0.19672243472475,91,14,FPN
2169,0.01180727575046505,91,15,FPN
2170,0.009590429524096196,91,18,FPN
2171,0.6828734851927765,91,20,FPN
2172,0.01693045771105936,91,22,FPN
2173,0.023513427635800756,91,25,FPN
2174,0.8237827559170169,91,27,FPN
2175,0.10511770320603245,91,29,FPN
2176,0.07403396067504549,91,31,FPN
2177,0.01562945948329466,91,17,FPN
2178,0.15369788739887147,91,19,FPN
2179,0.038988603954276585,91,21,FPN
2180,0.1942772313535287,91,24,FPN
2181,0.18785316680074626,91,26,FPN
2182,0.031372994492190144,91,28,FPN
2183,0.10560118054156105,91,30,FPN
2184,0.16725682520606205,92,02,FPN
2185,0.13923685735252503,92,03,FPN
2186,0.10903201813688738,92,04,FPN
2187,0.15110522748074717,92,06,FPN
2188,0.2480839826298379,92,08,FPN
2189,0.08297437620702933,92,09,FPN
2190,0.4974913089877579,92,10,FPN
2191,0.0004290611649493681,92,12,FPN
2192,0.01617974998619661,92,14,FPN
2193,0.05230820030368736,92,15,FPN
2194,0.009861827167543752,92,18,FPN
2195,0.04961536873224644,92,20,FPN
2196,0.11525180319282777,92,22,FPN
2197,1.2889074945212826e-05,92,25,FPN
2198,0.19498048639391774,92,27,FPN
2199,0.10481916074130482,92,29,FPN
2200,0.5338196451704779,92,31,FPN
2201,0.14331706656040624,92,17,FPN
2202,0.23730533367759346,92,19,FPN
2203,0.21067015792203864,92,21,FPN
2204,0.16823035133318517,92,24,FPN
2205,0.3858413154448819,92,26,FPN
2206,0.006576546452638521,92,28,FPN
2207,0.11975165973899704,92,30,FPN
2208,0.0749380885831593,93,02,DMN
2209,0.03798224127389186,93,03,DMN
2210,0.19360436961683541,93,04,DMN
2211,0.000249899948019165,93,06,DMN
2212,0.01522013120453529,93,08,DMN
2213,0.04222346540507547,93,09,DMN
2214,0.5424716610368393,93,10,DMN
2215,0.07251851869281337,93,12,DMN
2216,0.11267244733828352,93,14,DMN
2217,0.003561700102651571,93,15,DMN
2218,0.10522170026948435,93,18,DMN
2219,0.5048118015932458,93,20,DMN
2220,0.05038748932167538,93,22,DMN
2221,0.3922363932552955,93,25,DMN
2222,1.0140935708859513,93,27,DMN
2223,0.3867662197823569,93,29,DMN
2224,0.001514638155879454,93,31,DMN
2225,0.042091783210977264,93,17,DMN
2226,0.09078896712210592,93,19,DMN
2227,0.14940674955673924,93,21,DMN
2228,0.005871816173801545,93,24,DMN
2229,0.00828545169693842,93,26,DMN
2230,0.001633390271157124,93,28,DMN
2231,0.024460165085682082,93,30,DMN
2232,0.23402546654211123,94,02,DMN
2233,0.13409101191474299,94,03,DMN
2234,0.07864961514554035,94,04,DMN
2235,0.8176334602467217,94,06,DMN
2236,0.2515046427574055,94,08,DMN
2237,0.11658931419902532,94,09,DMN
2238,0.7720982543812338,94,10,DMN
2239,0.006147974859383811,94,12,DMN
2240,0.11016045063911234,94,14,DMN
2241,0.33737966729327734,94,15,DMN
2242,0.08790872806925427,94,18,DMN
2243,0.10294448093974118,94,20,DMN
2244,0.06921717777429578,94,22,DMN
2245,0.058446697252143874,94,25,DMN
2246,0.5686754146117005,94,27,DMN
2247,0.4033009698594928,94,29,DMN
2248,0.18200121710681563,94,31,DMN
2249,0.07935091463749003,94,17,DMN
2250,0.04191863138291891,94,19,DMN
2251,0.12659788746706221,94,21,DMN
2252,0.3075817296602182,94,24,DMN
2253,0.10302867750545384,94,26,DMN
2254,0.07404806179339883,94,28,DMN
2255,0.1948481591605725,94,30,DMN
2256,0.5955156767136884,95,02,DAN
2257,0.14295301080938097,95,03,DAN
2258,0.24769921285715168,95,04,DAN
2259,0.19157068813579042,95,06,DAN
2260,0.433898213974113,95,08,DAN
2261,0.2765386909670616,95,09,DAN
2262,0.20093593556112727,95,10,DAN
2263,0.542421877429134,95,12,DAN
2264,0.5736295729434963,95,14,DAN
2265,0.3134374613844227,95,15,DAN
2266,0.6949929140927504,95,18,DAN
2267,0.30136026243946307,95,20,DAN
2268,0.15484691895231306,95,22,DAN
2269,0.16899978100642038,95,25,DAN
2270,1.0283386878987144,95,27,DAN
2271,0.6043703475563775,95,29,DAN
2272,0.1557365516905254,95,31,DAN
2273,0.3747235220453765,95,17,DAN
2274,0.6758557917805336,95,19,DAN
2275,0.51777810066656,95,21,DAN
2276,0.5122836533661926,95,24,DAN
2277,0.6699689282428766,95,26,DAN
2278,0.37202770191876655,95,28,DAN
2279,0.14082651612619046,95,30,DAN
2280,1.2902324790658801,96,02,DAN
2281,0.33862907818618976,96,03,DAN
2282,0.678004075306709,96,04,DAN
2283,0.22461342864100153,96,06,DAN
2284,0.573752979382557,96,08,DAN
2285,0.4144163215034162,96,09,DAN
2286,0.4538619948376507,96,10,DAN
2287,0.2617876946982398,96,12,DAN
2288,0.384647833489533,96,14,DAN
2289,0.07117085704099657,96,15,DAN
2290,0.3839010249466221,96,18,DAN
2291,0.2450724246719443,96,20,DAN
2292,0.42467513103913196,96,22,DAN
2293,0.08270814177484917,96,25,DAN
2294,1.466724994480417,96,27,DAN
2295,0.9053674238140552,96,29,DAN
2296,0.07388927850068867,96,31,DAN
2297,0.4883962336288702,96,17,DAN
2298,0.17762515016476588,96,19,DAN
2299,0.2880978100261479,96,21,DAN
2300,1.0630591252529207,96,24,DAN
2301,0.4293575185249292,96,26,DAN
2302,0.09121267699603855,96,28,DAN
2303,0.18880366896497913,96,30,DAN
2304,0.2483714313760476,97,02,FPN
2305,0.7466025270976676,97,03,FPN
2306,0.16587704036823472,97,04,FPN
2307,0.14553362356457794,97,06,FPN
2308,0.06719044459175284,97,08,FPN
2309,0.2669135473440727,97,09,FPN
2310,0.41772869301785154,97,10,FPN
2311,0.2395510397086189,97,12,FPN
2312,0.2234420526916947,97,14,FPN
2313,8.409212204173145e-06,97,15,FPN
2314,0.4362736172714142,97,18,FPN
2315,0.2866074367984506,97,20,FPN
2316,0.26042012102562245,97,22,FPN
2317,0.11387184822231503,97,25,FPN
2318,0.6189254956360338,97,27,FPN
2319,0.3171459602997836,97,29,FPN
2320,0.05998049798813462,97,31,FPN
2321,0.12266546537511047,97,17,FPN
2322,0.21300776049066372,97,19,FPN
2323,0.04037995856171233,97,21,FPN
2324,0.2759283440096728,97,24,FPN
2325,0.22671599607632875,97,26,FPN
2326,0.20763048408998755,97,28,FPN
2327,0.29256463244477754,97,30,FPN
2328,0.5922981065526336,98,02,FPN
2329,0.15194371170020035,98,03,FPN
2330,0.0022428932771543383,98,04,FPN
2331,0.2714551712559422,98,06,FPN
2332,0.1558074494729747,98,08,FPN
2333,0.030073272628263176,98,09,FPN
2334,0.27706605400661494,98,10,FPN
2335,0.012384423774760515,98,12,FPN
2336,0.006766617994978584,98,14,FPN
2337,0.008778175520594126,98,15,FPN
2338,0.08944889644130882,98,18,FPN
2339,0.2157833515847552,98,20,FPN
2340,0.07750003344185473,98,22,FPN
2341,0.10513378963745172,98,25,FPN
2342,1.1243323850781943,98,27,FPN
2343,0.0039561582608442555,98,29,FPN
2344,0.00254812173437498,98,31,FPN
2345,0.21993833375069008,98,17,FPN
2346,3.583272272071351e-07,98,19,FPN
2347,0.02530975681157574,98,21,FPN
2348,0.26272899617869544,98,24,FPN
2349,0.33050369947032326,98,26,FPN
2350,0.12058536302428506,98,28,FPN
2351,0.11302167265729557,98,30,FPN
2352,0.7368809082332027,99,02,CON
2353,0.3207684224507778,99,03,CON
2354,0.06662252479118841,99,04,CON
2355,0.00019318110109088418,99,06,CON
2356,0.282999322141063,99,08,CON
2357,0.01708182721010703,99,09,CON
2358,0.33536651125008765,99,10,CON
2359,0.08524091150575343,99,12,CON
2360,0.2726726153992177,99,14,CON
2361,0.09387685370791525,99,15,CON
2362,0.1156995483247358,99,18,CON
2363,0.043172956145755885,99,20,CON
2364,0.27648855013259416,99,22,CON
2365,0.018426762837860104,99,25,CON
2366,0.08992557336193484,99,27,CON
2367,0.448439998480007,99,29,CON
2368,3.571876621327849e-05,99,31,CON
2369,0.35471405162644215,99,17,CON
2370,0.11923960362988655,99,19,CON
2371,0.6184981784432148,99,21,CON
2372,0.2900777360148808,99,24,CON
2373,0.2525097764207453,99,26,CON
2374,0.3179166277512584,99,28,CON
2375,0.12035879115011541,99,30,CON
2376,0.2818388006045261,100,02,SMN
2377,0.36516259702240306,100,03,SMN
2378,0.5585900997517832,100,04,SMN
2379,0.1813216073740186,100,06,SMN
2380,0.3045122551448269,100,08,SMN
2381,0.33465584178112595,100,09,SMN
2382,0.2441155301676338,100,10,SMN
2383,0.014316566508248937,100,12,SMN
2384,0.5428749273121207,100,14,SMN
2385,0.44024928183879647,100,15,SMN
2386,0.28724923223476123,100,18,SMN
2387,0.003007501824433615,100,20,SMN
2388,0.81463129104543,100,22,SMN
2389,0.2634599421336052,100,25,SMN
2390,0.7400359857390414,100,27,SMN
2391,0.3986933985784675,100,29,SMN
2392,0.20078562783680498,100,31,SMN
2393,0.26423778386082863,100,17,SMN
2394,0.2508188165126115,100,19,SMN
2395,0.5959218388484125,100,21,SMN
2396,0.14603616920604448,100,24,SMN
2397,0.03378385393625426,100,26,SMN
2398,0.17837047156802005,100,28,SMN
2399,0.2293339908081268,100,30,SMN
2400,0.1456179016104565,101,02,SMN
2401,0.16650083403533797,101,03,SMN
2402,0.01053051554980567,101,04,SMN
2403,0.6354317454719226,101,06,SMN
2404,0.12779917466002658,101,08,SMN
2405,0.002314249823311157,101,09,SMN
2406,0.024279087455387306,101,10,SMN
2407,0.015453290557499428,101,12,SMN
2408,0.19409925495181604,101,14,SMN
2409,0.05942758609258486,101,15,SMN
2410,0.13020706597930973,101,18,SMN
2411,0.07519393564693681,101,20,SMN
2412,0.1249700689590011,101,22,SMN
2413,0.003163823605541553,101,25,SMN
2414,0.6340547301630844,101,27,SMN
2415,0.3528339449279938,101,29,SMN
2416,0.11951465579614198,101,31,SMN
2417,0.36350783019250577,101,17,SMN
2418,0.1219183135535353,101,19,SMN
2419,0.2978105015536436,101,21,SMN
2420,0.18952803006998523,101,24,SMN
2421,0.04080039889356533,101,26,SMN
2422,0.005026695778549246,101,28,SMN
2423,0.364996304655387,101,30,SMN
2424,0.1835335174296106,102,02,SMN
2425,0.3074349894211829,102,03,SMN
2426,0.003784631672681264,102,04,SMN
2427,0.0001458508925096566,102,06,SMN
2428,0.2711159049527052,102,08,SMN
2429,0.04371013640719937,102,09,SMN
2430,0.33307247304599696,102,10,SMN
2431,0.026172792932165897,102,12,SMN
2432,0.6512090795264551,102,14,SMN
2433,0.019960216403390803,102,15,SMN
2434,0.11813247913310734,102,18,SMN
2435,0.3039283592869504,102,20,SMN
2436,0.21090352823438327,102,22,SMN
2437,0.008800877257813769,102,25,SMN
2438,0.028657857993024317,102,27,SMN
2439,0.3578023283153838,102,29,SMN
2440,0.19643048926082535,102,31,SMN
2441,0.2993156393863304,102,17,SMN
2442,0.10445456394918898,102,19,SMN
2443,0.4800212247138196,102,21,SMN
2444,0.3252020532655716,102,24,SMN
2445,0.2801181950002031,102,26,SMN
2446,0.06407814317006508,102,28,SMN
2447,0.24727758179568246,102,30,SMN
2448,0.024938017778767918,103,02,AUD
2449,0.03454277800203249,103,03,AUD
2450,0.013329320437351789,103,04,AUD
2451,0.1037678435183888,103,06,AUD
2452,0.00737237747635731,103,08,AUD
2453,0.00274084662071849,103,09,AUD
2454,0.047358757714352225,103,10,AUD
2455,0.00010062105566688829,103,12,AUD
2456,0.17719189902741,103,14,AUD
2457,0.021484159605836512,103,15,AUD
2458,0.22143646107675477,103,18,AUD
2459,0.06459432936420842,103,20,AUD
2460,0.27273420973457413,103,22,AUD
2461,0.09524344107721602,103,25,AUD
2462,0.2694427408711073,103,27,AUD
2463,0.14055407162230937,103,29,AUD
2464,0.12161047347319416,103,31,AUD
2465,0.011130093248212838,103,17,AUD
2466,4.035113569911497e-06,103,19,AUD
2467,0.10319528378256022,103,21,AUD
2468,0.06743345296598684,103,24,AUD
2469,0.03878594338298436,103,26,AUD
2470,0.21578055190423123,103,28,AUD
2471,0.23080471618436493,103,30,AUD
2472,0.11722516243629176,104,02,AUD
2473,0.0882980435204079,104,03,AUD
2474,0.0888545746689754,104,04,AUD
2475,0.13247082312268155,104,06,AUD
2476,0.02421622378442733,104,08,AUD
2477,0.018627896181331295,104,09,AUD
2478,0.4736805569128288,104,10,AUD
2479,0.02846862321231591,104,12,AUD
2480,0.5281886026901946,104,14,AUD
2481,0.018241740351685992,104,15,AUD
2482,0.05122880372146058,104,18,AUD
2483,0.06339267025231753,104,20,AUD
2484,0.33723149427117255,104,22,AUD
2485,0.20452900247798286,104,25,AUD
2486,0.33352978809826594,104,27,AUD
2487,0.26615003487683925,104,29,AUD
2488,0.5541102675273851,104,31,AUD
2489,0.09436918496819288,104,17,AUD
2490,0.0025594255148891627,104,19,AUD
2491,0.16453371185460708,104,21,AUD
2492,0.21402101224880576,104,24,AUD
2493,0.10789345811812068,104,26,AUD
2494,0.2979353792427133,104,28,AUD
2495,0.242300134067563,104,30,AUD
2496,0.4928903410771964,105,02,CON
2497,0.06400917809176267,105,03,CON
2498,0.1043554374773332,105,04,CON
2499,0.16999091517543297,105,06,CON
2500,0.0978979522023385,105,08,CON
2501,0.02556928571283154,105,09,CON
2502,0.23044936730423948,105,10,CON
2503,0.055045590655637355,105,12,CON
2504,0.07942117491127329,105,14,CON
2505,0.29636157043538497,105,15,CON
2506,0.19420061380876605,105,18,CON
2507,0.0679385282790446,105,20,CON
2508,0.36885217853599345,105,22,CON
2509,0.06929389038675815,105,25,CON
2510,0.7985688453004316,105,27,CON
2511,0.46634677607886993,105,29,CON
2512,0.03476492373570766,105,31,CON
2513,0.13831773979673875,105,17,CON
2514,0.07037844796372449,105,19,CON
2515,0.38716306469169,105,21,CON
2516,0.29125919763254643,105,24,CON
2517,0.4781983417115657,105,26,CON
2518,0.21269992560198733,105,28,CON
2519,0.06255811897888766,105,30,CON
2520,0.15399339063526699,106,02,CON
2521,0.07477539930651847,106,03,CON
2522,0.12363387270772896,106,04,CON
2523,3.0132519812097997e-05,106,06,CON
2524,2.681115800744218e-05,106,08,CON
2525,0.0019039563862646314,106,09,CON
2526,0.003414322420521112,106,10,CON
2527,0.022775819431759,106,12,CON
2528,0.031481882108910945,106,14,CON
2529,7.583373597456415e-05,106,15,CON
2530,0.08810970180713265,106,18,CON
2531,0.28838945340993205,106,20,CON
2532,0.20069846320920912,106,22,CON
2533,0.156713449013714,106,25,CON
2534,0.2153314143433494,106,27,CON
2535,0.02390952642120489,106,29,CON
2536,0.0017045084246448579,106,31,CON
2537,0.0011949144288531347,106,17,CON
2538,0.008501065146797028,106,19,CON
2539,0.12452916545635698,106,21,CON
2540,0.05139950604874779,106,24,CON
2541,0.038099486910105784,106,26,CON
2542,0.6504924140457736,106,28,CON
2543,3.403099438007751e-05,106,30,CON
2544,0.0003783367483707123,107,02,AUD
2545,0.0705475640717447,107,03,AUD
2546,0.04693743269000995,107,04,AUD
2547,0.0032429891296793284,107,06,AUD
2548,0.012643968694961547,107,08,AUD
2549,0.1238535769945414,107,09,AUD
2550,0.039666175095758816,107,10,AUD
2551,0.0014107983302623812,107,12,AUD
2552,0.11812546152595423,107,14,AUD
2553,0.0032369267202441974,107,15,AUD
2554,0.0251830939785277,107,18,AUD
2555,0.24882149341643958,107,20,AUD
2556,0.026089137999576337,107,22,AUD
2557,0.025391505912091314,107,25,AUD
2558,0.049500537575469274,107,27,AUD
2559,0.01468990223129304,107,29,AUD
2560,3.4931539868151555e-07,107,31,AUD
2561,0.018508371652857007,107,17,AUD
2562,0.05256034452628546,107,19,AUD
2563,0.031919381923250875,107,21,AUD
2564,0.0040010224588211294,107,24,AUD
2565,0.10816174739492937,107,26,AUD
2566,0.434855530348601,107,28,AUD
2567,0.026279782141425664,107,30,AUD
2568,0.5644865074015656,108,02,CON
2569,0.12069255580826846,108,03,CON
2570,0.22647521766851342,108,04,CON
2571,0.14695612687109366,108,06,CON
2572,0.24746488266061187,108,08,CON
2573,0.4440468737617617,108,09,CON
2574,0.35047850843705425,108,10,CON
2575,0.11148693186343918,108,12,CON
2576,0.5362690545663222,108,14,CON
2577,0.004264512264203788,108,15,CON
2578,0.35063974561883254,108,18,CON
2579,0.09001177632854034,108,20,CON
2580,0.2576260004244995,108,22,CON
2581,0.1514116451222759,108,25,CON
2582,0.4006272388814015,108,27,CON
2583,0.3601475457382634,108,29,CON
2584,0.019451133772071444,108,31,CON
2585,0.3883205630690652,108,17,CON
2586,0.11444467246804635,108,19,CON
2587,0.16680872565335816,108,21,CON
2588,0.5127242506689329,108,24,CON
2589,0.02761471629648764,108,26,CON
2590,0.22923084784802514,108,28,CON
2591,0.011867692951603193,108,30,CON
2592,0.7335729835281752,109,02,CON
2593,0.09119468825989516,109,03,CON
2594,0.05621865992488542,109,04,CON
2595,0.09039742241081922,109,06,CON
2596,0.13820742378357406,109,08,CON
2597,0.08059820509866755,109,09,CON
2598,0.007393942952644202,109,10,CON
2599,2.7447947167044572e-06,109,12,CON
2600,0.17150160434220263,109,14,CON
2601,0.0657697334353335,109,15,CON
2602,0.07072807154354017,109,18,CON
2603,0.006516443617994787,109,20,CON
2604,0.46412460013349754,109,22,CON
2605,0.19796612571893396,109,25,CON
2606,0.5091532549746814,109,27,CON
2607,0.10109770401059509,109,29,CON
2608,0.03419505687261581,109,31,CON
2609,0.07860870701284631,109,17,CON
2610,0.007159193200981527,109,19,CON
2611,0.2393613610744328,109,21,CON
2612,0.45975826618579757,109,24,CON
2613,0.23871464738448187,109,26,CON
2614,0.22209913476845633,109,28,CON
2615,0.0007842290664842605,109,30,CON
2616,0.04289948356365764,110,02,ORA
2617,0.10130152912894945,110,03,ORA
2618,0.0035009303005525557,110,04,ORA
2619,0.00020921871802568028,110,06,ORA
2620,0.136419345930816,110,08,ORA
2621,0.056489711312924816,110,09,ORA
2622,0.385932579050432,110,10,ORA
2623,0.02226415262772963,110,12,ORA
2624,0.024023002998925267,110,14,ORA
2625,0.012861645270952968,110,15,ORA
2626,0.047157726347881054,110,18,ORA
2627,0.1718370039335767,110,20,ORA
2628,0.031183567623270885,110,22,ORA
2629,0.10463965708469139,110,25,ORA
2630,0.14171905045505542,110,27,ORA
2631,0.048201373653326954,110,29,ORA
2632,0.0001210339725321296,110,31,ORA
2633,0.1848901115755837,110,17,ORA
2634,0.033934971836909564,110,19,ORA
2635,0.04698012545828575,110,21,ORA
2636,0.00221165977447197,110,24,ORA
2637,0.2905612687689916,110,26,ORA
2638,0.05239778445251658,110,28,ORA
2639,0.013459622018450502,110,30,ORA
2640,0.3547810576108991,111,02,FPN
2641,0.12091747922385035,111,03,FPN
2642,0.025754126550927882,111,04,FPN
2643,0.28781411621809944,111,06,FPN
2644,0.021706922625356697,111,08,FPN
2645,0.3983668824109791,111,09,FPN
2646,0.026601052329780127,111,10,FPN
2647,0.008666600916888834,111,12,FPN
2648,0.3070006262384774,111,14,FPN
2649,0.016526843456082324,111,15,FPN
2650,0.14787238327696506,111,18,FPN
2651,0.24418073053989098,111,20,FPN
2652,0.025882138884236638,111,22,FPN
2653,0.1780861273634168,111,25,FPN
2654,0.49566494812293227,111,27,FPN
2655,0.041655442316246356,111,29,FPN
2656,0.01406447725286487,111,31,FPN
2657,0.5316270666518683,111,17,FPN
2658,0.0008937104575626833,111,19,FPN
2659,0.02206857724763125,111,21,FPN
2660,0.4409488144176472,111,24,FPN
2661,0.025013118532202297,111,26,FPN
2662,0.01165737072643837,111,28,FPN
2663,0.027919119068186612,111,30,FPN
2664,0.02925836753008929,112,02,ORA
2665,0.036798722213361224,112,03,ORA
2666,3.8796764138833155e-05,112,04,ORA
2667,0.0562464809884415,112,06,ORA
2668,0.4327041916106131,112,08,ORA
2669,0.008288573891669019,112,09,ORA
2670,0.3095299521164459,112,10,ORA
2671,0.0014425840206115988,112,12,ORA
2672,0.07333359283758566,112,14,ORA
2673,0.040129144212497796,112,15,ORA
2674,0.1390288236090949,112,18,ORA
2675,0.01999465839829819,112,20,ORA
2676,0.0008790489481437327,112,22,ORA
2677,0.11080880152122448,112,25,ORA
2678,0.025270506092755975,112,27,ORA
2679,0.00865616260951125,112,29,ORA
2680,0.008683266779570932,112,31,ORA
2681,0.0474046176104952,112,17,ORA
2682,0.0005609360014562286,112,19,ORA
2683,0.001843217074868098,112,21,ORA
2684,0.12782170449696226,112,24,ORA
2685,0.06348198518316248,112,26,ORA
2686,0.02838426398421031,112,28,ORA
2687,0.0655057249909831,112,30,ORA
2688,0.5634633785494926,113,02,CON
2689,0.21630184285543896,113,03,CON
2690,0.0006744223038161638,113,04,CON
2691,0.02180898215582448,113,06,CON
2692,0.05864491069234307,113,08,CON
2693,0.08051651689933999,113,09,CON
2694,0.25415091796797945,113,10,CON
2695,0.016440230744212643,113,12,CON
2696,0.2898213649900625,113,14,CON
2697,0.08355908202865513,113,15,CON
2698,0.004545074319721461,113,18,CON
2699,0.08200142524811775,113,20,CON
2700,0.24890715448449546,113,22,CON
2701,0.10048461226906562,113,25,CON
2702,0.26101317866009816,113,27,CON
2703,0.2014800289510876,113,29,CON
2704,0.3447732985337867,113,31,CON
2705,0.08563792405787944,113,17,CON
2706,0.027106730233433574,113,19,CON
2707,0.19924043462156335,113,21,CON
2708,0.34419145490972664,113,24,CON
2709,0.09781908690484156,113,26,CON
2710,0.26088824175978487,113,28,CON
2711,0.0062652840577536225,113,30,CON
2712,0.4231829387195477,114,02,CON
2713,0.23360375645086068,114,03,CON
2714,0.017291322030645297,114,04,CON
2715,0.0058596285161960585,114,06,CON
2716,0.09830510579902701,114,08,CON
2717,0.008938662406422328,114,09,CON
2718,0.02451109565880407,114,10,CON
2719,0.15358783608668652,114,12,CON
2720,0.01518243472491953,114,14,CON
2721,0.0003687414311089384,114,15,CON
2722,0.44660788460931594,114,18,CON
2723,0.03514715962423698,114,20,CON
2724,0.31623951878120016,114,22,CON
2725,0.014299977579926624,114,25,CON
2726,0.5209416627528982,114,27,CON
2727,0.5114429764905141,114,29,CON
2728,0.09912890433952054,114,31,CON
2729,0.06719293615136393,114,17,CON
2730,0.05202297618030795,114,19,CON
2731,0.19040793922697336,114,21,CON
2732,0.1872962668475088,114,24,CON
2733,0.21329373819224834,114,26,CON
2734,0.403170911470715,114,28,CON
2735,0.28996554233481947,114,30,CON
2736,0.36849553472390717,115,02,SMN
2737,0.06656216768662584,115,03,SMN
2738,0.000814530605778592,115,04,SMN
2739,0.030617613000104484,115,06,SMN
2740,0.14381182513377166,115,08,SMN
2741,0.18279174990302519,115,09,SMN
2742,0.15764172671932225,115,10,SMN
2743,0.06731774547925229,115,12,SMN
2744,0.2513702832776578,115,14,SMN
2745,0.03375317455635384,115,15,SMN
2746,0.0038968555143496036,115,18,SMN
2747,0.1677037741346279,115,20,SMN
2748,0.21263474500427101,115,22,SMN
2749,0.010682155715934378,115,25,SMN
2750,0.5034837299299513,115,27,SMN
2751,0.31723897894904585,115,29,SMN
2752,0.1289722890302883,115,31,SMN
2753,0.3243508350196863,115,17,SMN
2754,0.05682978048155845,115,19,SMN
2755,0.5774857078923515,115,21,SMN
2756,0.016823527671161215,115,24,SMN
2757,0.31226446655139006,115,26,SMN
2758,0.03619380746966705,115,28,SMN
2759,0.00630098732867583,115,30,SMN
2760,0.41567636839229316,116,02,DAN
2761,0.21394490786007503,116,03,DAN
2762,0.6113109636971705,116,04,DAN
2763,0.16741413203386338,116,06,DAN
2764,0.22647938785568142,116,08,DAN
2765,0.4895654545535929,116,09,DAN
2766,0.12100387750848496,116,10,DAN
2767,0.004636801984125955,116,12,DAN
2768,0.4247387718048314,116,14,DAN
2769,0.08513314806487916,116,15,DAN
2770,0.26580496736960396,116,18,DAN
2771,0.10915011144290586,116,20,DAN
2772,0.7371243953078132,116,22,DAN
2773,0.343027949413335,116,25,DAN
2774,1.104008215252395,116,27,DAN
2775,0.363095491371236,116,29,DAN
2776,0.034684113416210985,116,31,DAN
2777,0.16346664932874208,116,17,DAN
2778,0.9310436810592081,116,19,DAN
2779,0.4906821727885211,116,21,DAN
2780,0.5346981508390692,116,24,DAN
2781,0.20461511214968697,116,26,DAN
2782,0.2156283264589287,116,28,DAN
2783,0.07606604013175863,116,30,DAN
2784,1.1027192918793476,117,02,DAN
2785,1.0361365517473795,117,03,DAN
2786,0.5386887164993236,117,04,DAN
2787,0.5897638015016231,117,06,DAN
2788,0.7698292105943261,117,08,DAN
2789,0.41244792633575705,117,09,DAN
2790,0.13093351127316616,117,10,DAN
2791,0.762802511657828,117,12,DAN
2792,0.3889278869995556,117,14,DAN
2793,0.2230917994870408,117,15,DAN
2794,0.9499345215891566,117,18,DAN
2795,0.07658539701758388,117,20,DAN
2796,0.344542237954295,117,22,DAN
2797,0.20870492419238149,117,25,DAN
2798,1.2730095605225582,117,27,DAN
2799,0.5673080726118809,117,29,DAN
2800,0.14234348287263293,117,31,DAN
2801,0.3953258335367312,117,17,DAN
2802,0.5872306703497259,117,19,DAN
2803,0.4857201547282512,117,21,DAN
2804,0.6049944689109368,117,24,DAN
2805,0.6800185667689522,117,26,DAN
2806,0.20742734273209648,117,28,DAN
2807,9.984305466917952e-07,117,30,DAN
2808,0.01961649440785078,118,02,DMN
2809,0.05430043278160139,118,03,DMN
2810,5.01282749520287e-06,118,04,DMN
2811,0.011068780578798629,118,06,DMN
2812,0.09436116521127265,118,08,DMN
2813,0.19082314702987052,118,09,DMN
2814,0.22411694091049442,118,10,DMN
2815,0.15341337858586757,118,12,DMN
2816,0.28646551513396207,118,14,DMN
2817,0.015851453826529163,118,15,DMN
2818,0.08443274788009876,118,18,DMN
2819,0.04307392702709614,118,20,DMN
2820,0.1309466276186734,118,22,DMN
2821,0.02501199585697105,118,25,DMN
2822,0.032667495774153225,118,27,DMN
2823,0.1157326436744424,118,29,DMN
2824,0.04733567461063027,118,31,DMN
2825,0.033741769060064916,118,17,DMN
2826,0.013236330055356313,118,19,DMN
2827,0.22679111196653987,118,21,DMN
2828,0.03305132893532516,118,24,DMN
2829,0.29383798864471705,118,26,DMN
2830,0.02977064689811392,118,28,DMN
2831,0.05668501000741995,118,30,DMN
2832,0.03552473089787529,119,02,DMN
2833,0.16382410513371082,119,03,DMN
2834,0.16664582985384313,119,04,DMN
2835,0.057091000091316416,119,06,DMN
2836,0.10254304428693438,119,08,DMN
2837,0.20081181511750745,119,09,DMN
2838,0.03659048854497319,119,10,DMN
2839,0.03680142091181553,119,12,DMN
2840,0.004629858929359305,119,14,DMN
2841,0.005891929949794691,119,15,DMN
2842,0.12791592146123,119,18,DMN
2843,0.49678677366360857,119,20,DMN
2844,0.04991919165264223,119,22,DMN
2845,0.06967920340639361,119,25,DMN
2846,0.3671263992540372,119,27,DMN
2847,0.0011161350104266434,119,29,DMN
2848,0.012340714779209123,119,31,DMN
2849,0.1641705228697,119,17,DMN
2850,0.06232261203330099,119,19,DMN
2851,0.11433751494999424,119,21,DMN
2852,0.11573071899795966,119,24,DMN
2853,0.09417678245047358,119,26,DMN
2854,0.040108861794753696,119,28,DMN
2855,0.06962584634655967,119,30,DMN
2856,0.10051777721918277,120,02,DMN
2857,0.19024791933996346,120,03,DMN
2858,0.002680623948411671,120,04,DMN
2859,0.0631567133190047,120,06,DMN
2860,0.0004484620934444028,120,08,DMN
2861,0.042799145139420035,120,09,DMN
2862,0.3012492822101197,120,10,DMN
2863,0.04495103459317206,120,12,DMN
2864,0.0021134303075373445,120,14,DMN
2865,0.004190076128805552,120,15,DMN
2866,0.008412308459257254,120,18,DMN
2867,0.2646543592228895,120,20,DMN
2868,0.007393747263288601,120,22,DMN
2869,0.008640252685028955,120,25,DMN
2870,0.2595892181864246,120,27,DMN
2871,0.006866485500421121,120,29,DMN
2872,0.15972658540113663,120,31,DMN
2873,0.02014511290247189,120,17,DMN
2874,0.044262390586465625,120,19,DMN
2875,0.22611346924151382,120,21,DMN
2876,0.11507642687640567,120,24,DMN
2877,0.012542829158625894,120,26,DMN
2878,0.029687580585393364,120,28,DMN
2879,0.25768603141482316,120,30,DMN
2880,0.07205772470996005,121,02,VIS1
2881,0.2042267718014128,121,03,VIS1
2882,0.038111574276159625,121,04,VIS1
2883,0.31808295799210506,121,06,VIS1
2884,6.83762089868478e-05,121,08,VIS1
2885,0.1204147275236712,121,09,VIS1
2886,0.17959754386373072,121,10,VIS1
2887,0.020084514442559397,121,12,VIS1
2888,0.04523026906829005,121,14,VIS1
2889,0.14537904523231476,121,15,VIS1
2890,0.0016213306423636855,121,18,VIS1
2891,0.26170181302963097,121,20,VIS1
2892,0.000317825786223347,121,22,VIS1
2893,0.02714423227590928,121,25,VIS1
2894,0.15884462686371317,121,27,VIS1
2895,0.4943402338721086,121,29,VIS1
2896,0.019788241733622022,121,31,VIS1
2897,0.45524023022926574,121,17,VIS1
2898,0.24407832560563794,121,19,VIS1
2899,0.02418559869762962,121,21,VIS1
2900,0.29328546682418116,121,24,VIS1
2901,0.5643744695422526,121,26,VIS1
2902,0.04908855671170929,121,28,VIS1
2903,0.09598613628101854,121,30,VIS1
2904,0.39181594804173586,122,02,VMM
2905,0.0733156957982076,122,03,VMM
2906,0.03690263318148543,122,04,VMM
2907,0.04206188227413051,122,06,VMM
2908,0.004645247681119773,122,08,VMM
2909,0.002468754988340543,122,09,VMM
2910,0.23651270856276033,122,10,VMM
2911,0.14807257762664205,122,12,VMM
2912,0.03246493673665577,122,14,VMM
2913,0.0019987208854206893,122,15,VMM
2914,0.02356230193377134,122,18,VMM
2915,2.948322802701748e-05,122,20,VMM
2916,0.3461851808002855,122,22,VMM
2917,0.3049109524058522,122,25,VMM
2918,0.8459017405597995,122,27,VMM
2919,0.04873678766091916,122,29,VMM
2920,0.1350125335224798,122,31,VMM
2921,0.2508827413078374,122,17,VMM
2922,0.3441935446886868,122,19,VMM
2923,0.6239846910168225,122,21,VMM
2924,0.19380365484077014,122,24,VMM
2925,0.2713363457484055,122,26,VMM
2926,0.11776779662602412,122,28,VMM
2927,0.0877639730452552,122,30,VMM
2928,0.05218076834058485,123,02,LAN
2929,0.019037792289641576,123,03,LAN
2930,0.015542054357483973,123,04,LAN
2931,0.006652083068628773,123,06,LAN
2932,0.027118754249332997,123,08,LAN
2933,0.029789287029411037,123,09,LAN
2934,0.005859096051334646,123,10,LAN
2935,0.0006701736519539176,123,12,LAN
2936,0.41359231302590393,123,14,LAN
2937,0.015913194889756625,123,15,LAN
2938,0.0050790101838895435,123,18,LAN
2939,0.12756727628427153,123,20,LAN
2940,2.0707764069259062e-05,123,22,LAN
2941,0.05476515874379602,123,25,LAN
2942,0.07296961268951682,123,27,LAN
2943,0.0014383264564513903,123,29,LAN
2944,0.025917718408012946,123,31,LAN
2945,0.005648139452524434,123,17,LAN
2946,0.0719509735258593,123,19,LAN
2947,0.01689845404354653,123,21,LAN
2948,0.018609262973939555,123,24,LAN
2949,0.08810456387853802,123,26,LAN
2950,0.03612135747434332,123,28,LAN
2951,0.04050932933846174,123,30,LAN
2952,0.30144271953030877,124,02,AUD
2953,0.14559622293939906,124,03,AUD
2954,0.08975555644416058,124,04,AUD
2955,0.14034479323986931,124,06,AUD
2956,0.14575750593291167,124,08,AUD
2957,0.14490537860502875,124,09,AUD
2958,0.24477687544024843,124,10,AUD
2959,0.06611257934523716,124,12,AUD
2960,0.2233827665286041,124,14,AUD
2961,0.00010748331554586,124,15,AUD
2962,0.11103719148544676,124,18,AUD
2963,0.049733054129392475,124,20,AUD
2964,0.1617991272203505,124,22,AUD
2965,0.09208463509712729,124,25,AUD
2966,0.49497986431337637,124,27,AUD
2967,0.24010749460019448,124,29,AUD
2968,0.16787050064004083,124,31,AUD
2969,0.0005461882314790511,124,17,AUD
2970,0.004677280187250153,124,19,AUD
2971,0.6483164113581983,124,21,AUD
2972,0.3906365101910127,124,24,AUD
2973,0.1453124791112149,124,26,AUD
2974,8.140826373517379e-07,124,28,AUD
2975,0.08556008578629293,124,30,AUD
2976,0.07785867311947778,125,02,LAN
2977,0.5475745093689222,125,03,LAN
2978,0.01274337906588541,125,04,LAN
2979,0.23152505921241615,125,06,LAN
2980,0.05614671631947571,125,08,LAN
2981,0.07588090681396648,125,09,LAN
2982,0.1841672188555472,125,10,LAN
2983,0.05859532737433755,125,12,LAN
2984,0.3295015075292605,125,14,LAN
2985,2.068232457137157e-05,125,15,LAN
2986,0.2823976543978845,125,18,LAN
2987,0.41161127689557836,125,20,LAN
2988,0.1340984832610835,125,22,LAN
2989,0.30833217352060704,125,25,LAN
2990,1.125106573543072,125,27,LAN
2991,0.016261108601637174,125,29,LAN
2992,0.0532360940360034,125,31,LAN
2993,0.17226125934466535,125,17,LAN
2994,0.28195577858435333,125,19,LAN
2995,0.07202375415795727,125,21,LAN
2996,0.06464697380787104,125,24,LAN
2997,0.09378785165658622,125,26,LAN
2998,0.13000615143669572,125,28,LAN
2999,0.019841653388735524,125,30,LAN
3000,0.35466529996393564,126,02,DMN
3001,0.5549932799736091,126,03,DMN
3002,0.7677026235762217,126,04,DMN
3003,0.23422791171342794,126,06,DMN
3004,6.365299495626568e-05,126,08,DMN
3005,0.4394995285043856,126,09,DMN
3006,0.24095803370473212,126,10,DMN
3007,0.14106407779078525,126,12,DMN
3008,0.013927558828253484,126,14,DMN
3009,0.13901271650527436,126,15,DMN
3010,0.0022919265758852224,126,18,DMN
3011,0.08729487196011965,126,20,DMN
3012,0.3082891318839448,126,22,DMN
3013,0.050488029716867534,126,25,DMN
3014,0.8898909105407614,126,27,DMN
3015,0.37950535944011055,126,29,DMN
3016,0.04785320072320864,126,31,DMN
3017,0.723232307607742,126,17,DMN
3018,0.17692454277786981,126,19,DMN
3019,0.1275876728776472,126,21,DMN
3020,0.4031078327188442,126,24,DMN
3021,0.40314867006157573,126,26,DMN
3022,0.0029280828116125305,126,28,DMN
3023,0.4761554349728084,126,30,DMN
3024,0.47042593736198784,127,02,DAN
3025,0.17500816670902208,127,03,DAN
3026,0.11330400835668163,127,04,DAN
3027,0.32403141294219107,127,06,DAN
3028,0.1907547357064096,127,08,DAN
3029,0.1491493523132296,127,09,DAN
3030,0.24971155516906418,127,10,DAN
3031,0.29825499898592234,127,12,DAN
3032,0.011604067619845589,127,14,DAN
3033,0.031403181592208916,127,15,DAN
3034,0.1332553703999812,127,18,DAN
3035,0.0009004500409836437,127,20,DAN
3036,0.10764938508909515,127,22,DAN
3037,0.29974427232326456,127,25,DAN
3038,1.4026018177684325,127,27,DAN
3039,0.07129899000439884,127,29,DAN
3040,0.06008206342171286,127,31,DAN
3041,0.2970090317054948,127,17,DAN
3042,0.057194781399490836,127,19,DAN
3043,0.178267071640832,127,21,DAN
3044,0.21998002732878658,127,24,DAN
3045,0.39112099127949873,127,26,DAN
3046,0.23228384580889433,127,28,DAN
3047,0.1823722833351632,127,30,DAN
3048,0.04642969518637011,128,02,LAN
3049,0.18381134032404473,128,03,LAN
3050,0.0667564317550703,128,04,LAN
3051,0.08755211531919065,128,06,LAN
3052,0.19568998637280627,128,08,LAN
3053,0.05625217619879236,128,09,LAN
3054,0.473080531652587,128,10,LAN
3055,0.0543109984213555,128,12,LAN
3056,0.17324459406818357,128,14,LAN
3057,0.044344060488245296,128,15,LAN
3058,0.6403696938789837,128,18,LAN
3059,0.2454570378628511,128,20,LAN
3060,0.0719822144533986,128,22,LAN
3061,0.002864502294649872,128,25,LAN
3062,0.5080994067668267,128,27,LAN
3063,0.013071279098400413,128,29,LAN
3064,0.0004110255211557564,128,31,LAN
3065,0.03820217808297674,128,17,LAN
3066,0.2173052183288767,128,19,LAN
3067,0.01492128921254349,128,21,LAN
3068,0.004378915743319776,128,24,LAN
3069,0.2749568773962576,128,26,LAN
3070,0.0027492648636806994,128,28,LAN
3071,0.027865865366153986,128,30,LAN
3072,0.1054560244367709,129,02,LAN
3073,0.30239990113321114,129,03,LAN
3074,0.12634351246434136,129,04,LAN
3075,0.3033043174636978,129,06,LAN
3076,0.045635427827625974,129,08,LAN
3077,0.06490818149775748,129,09,LAN
3078,0.20438449758598792,129,10,LAN
3079,0.10091706227009335,129,12,LAN
3080,0.3755530241945836,129,14,LAN
3081,0.008045741409874073,129,15,LAN
3082,0.2274620934931443,129,18,LAN
3083,0.08757603996813615,129,20,LAN
3084,0.3508247054997496,129,22,LAN
3085,0.3976587301274605,129,25,LAN
3086,1.7796128896666197,129,27,LAN
3087,0.1370381772896149,129,29,LAN
3088,0.050635487040693164,129,31,LAN
3089,0.3085126304039506,129,17,LAN
3090,0.07661898721232133,129,19,LAN
3091,0.06449497290221506,129,21,LAN
3092,0.372775306663813,129,24,LAN
3093,0.13530838410958582,129,26,LAN
3094,0.05365610921175968,129,28,LAN
3095,0.30335496448178617,129,30,LAN
3096,0.2767781118199662,130,02,DMN
3097,0.3378520026828493,130,03,DMN
3098,0.6203588681988572,130,04,DMN
3099,0.5601380158742523,130,06,DMN
3100,0.28231455277024126,130,08,DMN
3101,0.018515751771170416,130,09,DMN
3102,0.3998234053499679,130,10,DMN
3103,0.000164185779527439,130,12,DMN
3104,0.7101269861835448,130,14,DMN
3105,0.00015636660023771664,130,15,DMN
3106,0.5558142993521348,130,18,DMN
3107,0.1270619661964256,130,20,DMN
3108,0.005442296257786985,130,22,DMN
3109,0.10923198058370968,130,25,DMN
3110,1.2479149362475235,130,27,DMN
3111,0.2439711045064825,130,29,DMN
3112,0.07389863241598692,130,31,DMN
3113,0.03247960446724467,130,17,DMN
3114,0.11088972291001924,130,19,DMN
3115,0.014945517227427828,130,21,DMN
3116,0.34573182238335415,130,24,DMN
3117,0.11917836520990531,130,26,DMN
3118,0.009316445707072088,130,28,DMN
3119,0.162777173218801,130,30,DMN
3120,0.029505574815289957,131,02,DMN
3121,0.22592244591971386,131,03,DMN
3122,6.897939821531479e-05,131,04,DMN
3123,0.022542218700413105,131,06,DMN
3124,0.00026664429131721386,131,08,DMN
3125,0.1316835159941243,131,09,DMN
3126,0.3783916330279864,131,10,DMN
3127,0.028395573971335887,131,12,DMN
3128,0.06613321257204476,131,14,DMN
3129,5.119398277766724e-05,131,15,DMN
3130,0.01895800798459187,131,18,DMN
3131,0.22065219505347722,131,20,DMN
3132,0.04151921499585688,131,22,DMN
3133,0.06910777698853228,131,25,DMN
3134,0.33368522347381196,131,27,DMN
3135,0.08706668421069035,131,29,DMN
3136,0.0784658206815857,131,31,DMN
3137,0.3892298037387435,131,17,DMN
3138,0.06561171163616536,131,19,DMN
3139,0.00014598494967336842,131,21,DMN
3140,0.005032450805025578,131,24,DMN
3141,0.15700453615633314,131,26,DMN
3142,0.06765165330964003,131,28,DMN
3143,0.14845114002510507,131,30,DMN
3144,0.010131614681507367,132,02,DMN
3145,0.19847544549469168,132,03,DMN
3146,0.09437543329995336,132,04,DMN
3147,0.058363740139339204,132,06,DMN
3148,0.01878961982501191,132,08,DMN
3149,0.0030602061792725887,132,09,DMN
3150,0.1286479982084798,132,10,DMN
3151,0.0020961231931146324,132,12,DMN
3152,0.13877906424147404,132,14,DMN
3153,0.05544575306202728,132,15,DMN
3154,0.06950769232653183,132,18,DMN
3155,0.03350933042477867,132,20,DMN
3156,0.06633652999286278,132,22,DMN
3157,0.004261614265448557,132,25,DMN
3158,0.05158386775364225,132,27,DMN
3159,0.026081274557800807,132,29,DMN
3160,0.03188168352994716,132,31,DMN
3161,0.1510697787873592,132,17,DMN
3162,0.0412873856216803,132,19,DMN
3163,0.0006976642883166547,132,21,DMN
3164,0.17005128822725915,132,24,DMN
3165,0.29832458894341624,132,26,DMN
3166,0.003475234248106704,132,28,DMN
3167,0.1456611865511054,132,30,DMN
3168,0.9825863596720388,133,02,FPN
3169,1.9347550896646233,133,03,FPN
3170,0.44215501434267224,133,04,FPN
3171,0.49728093503383,133,06,FPN
3172,0.21536352161586456,133,08,FPN
3173,0.7629594595000343,133,09,FPN
3174,1.1906761771302763,133,10,FPN
3175,0.14148104632240102,133,12,FPN
3176,0.44206939018264224,133,14,FPN
3177,0.5438842270101313,133,15,FPN
3178,0.6312062396959677,133,18,FPN
3179,0.3584548745611813,133,20,FPN
3180,0.32441345613273637,133,22,FPN
3181,0.08537532071830035,133,25,FPN
3182,1.2226395374643177,133,27,FPN
3183,0.8033132095068766,133,29,FPN
3184,0.16601428030259102,133,31,FPN
3185,0.3741681887999869,133,17,FPN
3186,0.0764891596143089,133,19,FPN
3187,0.41938172735839857,133,21,FPN
3188,0.7057368162882554,133,24,FPN
3189,0.9948346266904043,133,26,FPN
3190,0.008421033502552015,133,28,FPN
3191,0.19087233142962454,133,30,FPN
3192,0.1750818023188387,134,02,DMN
3193,0.2779920056421596,134,03,DMN
3194,0.02256669028617742,134,04,DMN
3195,0.0011458265741515115,134,06,DMN
3196,0.040410634751576434,134,08,DMN
3197,0.004626604056596045,134,09,DMN
3198,1.6061350154400519e-06,134,10,DMN
3199,0.05052581675446855,134,12,DMN
3200,0.10359236976173307,134,14,DMN
3201,0.0023247190205581284,134,15,DMN
3202,0.1454881159672518,134,18,DMN
3203,0.004590262024618472,134,20,DMN
3204,0.1908522370708589,134,22,DMN
3205,4.2307757205815223e-07,134,25,DMN
3206,0.22075055670011556,134,27,DMN
3207,0.006512682295402478,134,29,DMN
3208,0.05502475697639717,134,31,DMN
3209,0.10624117080240965,134,17,DMN
3210,0.005341056503874335,134,19,DMN
3211,0.0031173617438835606,134,21,DMN
3212,0.16787253382564524,134,24,DMN
3213,0.0007528584162187659,134,26,DMN
3214,0.12091056273462357,134,28,DMN
3215,0.000248504710896451,134,30,DMN
3216,0.37301313293250005,135,02,VMM
3217,0.04000829846282933,135,03,VMM
3218,0.12387600460993692,135,04,VMM
3219,0.03746356490670766,135,06,VMM
3220,0.011944671688472215,135,08,VMM
3221,0.0369415204421596,135,09,VMM
3222,0.17078776926515812,135,10,VMM
3223,0.00839002739333138,135,12,VMM
3224,0.029394858988884054,135,14,VMM
3225,0.08458828128899759,135,15,VMM
3226,0.01922201165876835,135,18,VMM
3227,0.10240038892133196,135,20,VMM
3228,0.10752963014553248,135,22,VMM
3229,0.10728832066807162,135,25,VMM
3230,0.7295754180676033,135,27,VMM
3231,0.07266516202765287,135,29,VMM
3232,0.15484614099702476,135,31,VMM
3233,0.2336960162499832,135,17,VMM
3234,0.30410796944248053,135,19,VMM
3235,0.035767736952353836,135,21,VMM
3236,0.5792667302531608,135,24,VMM
3237,0.07627095011746865,135,26,VMM
3238,0.001615324751917012,135,28,VMM
3239,0.0009853618786658518,135,30,VMM
3240,0.36497442962052,136,02,DAN
3241,0.2361476837759591,136,03,DAN
3242,0.08868304975213585,136,04,DAN
3243,0.1488737807804372,136,06,DAN
3244,0.04578321196283642,136,08,DAN
3245,0.5866368979901287,136,09,DAN
3246,0.47025815485374334,136,10,DAN
3247,0.25758201912080714,136,12,DAN
3248,0.0220631836995666,136,14,DAN
3249,0.0014358888980930005,136,15,DAN
3250,0.07095054249693328,136,18,DAN
3251,0.08516167976797777,136,20,DAN
3252,0.8398385799931752,136,22,DAN
3253,0.117189235508465,136,25,DAN
3254,0.6739307193002763,136,27,DAN
3255,0.19956654529224807,136,29,DAN
3256,0.015023198148844834,136,31,DAN
3257,0.6584951610194192,136,17,DAN
3258,0.06900920317445997,136,19,DAN
3259,0.30362759433078157,136,21,DAN
3260,0.7764123396647581,136,24,DAN
3261,0.20294354239003373,136,26,DAN
3262,0.024236301246795714,136,28,DAN
3263,0.005812819156505068,136,30,DAN
3264,0.9368354046776091,137,02,DAN
3265,1.0625059174363303,137,03,DAN
3266,0.40950605096027454,137,04,DAN
3267,0.7626989212474906,137,06,DAN
3268,0.4038155850121308,137,08,DAN
3269,0.6204658276356464,137,09,DAN
3270,0.8481810083408202,137,10,DAN
3271,0.3315427901388838,137,12,DAN
3272,1.2200083333132763,137,14,DAN
3273,0.33547875713436665,137,15,DAN
3274,0.3891245699549101,137,18,DAN
3275,0.23697902886520755,137,20,DAN
3276,0.48997896053136486,137,22,DAN
3277,0.6577577556761973,137,25,DAN
3278,1.6986502074298806,137,27,DAN
3279,0.7719886937180621,137,29,DAN
3280,0.05353245310634332,137,31,DAN
3281,1.0696527621476961,137,17,DAN
3282,0.2826686086603019,137,19,DAN
3283,0.5374520656161091,137,21,DAN
3284,0.730824489811877,137,24,DAN
3285,0.5321685468384068,137,26,DAN
3286,0.16424066722657976,137,28,DAN
3287,0.4416871902520189,137,30,DAN
3288,1.3422407491813593,138,02,VIS2
3289,0.9264938866157164,138,03,VIS2
3290,0.8099055288719689,138,04,VIS2
3291,0.5165401268019378,138,06,VIS2
3292,0.5011788335251601,138,08,VIS2
3293,1.0938409837143388,138,09,VIS2
3294,0.9146499806186906,138,10,VIS2
3295,0.6996150246420053,138,12,VIS2
3296,0.8766637145422852,138,14,VIS2
3297,0.5745618546899481,138,15,VIS2
3298,0.3041597363658674,138,18,VIS2
3299,0.6280447467876329,138,20,VIS2
3300,0.47820933228753487,138,22,VIS2
3301,0.39838739773801646,138,25,VIS2
3302,2.265582156736761,138,27,VIS2
3303,0.8994288939512656,138,29,VIS2
3304,0.27905925955144684,138,31,VIS2
3305,0.5977955002342827,138,17,VIS2
3306,0.5418181560029478,138,19,VIS2
3307,0.589972460668318,138,21,VIS2
3308,0.9204434306683918,138,24,VIS2
3309,0.8977051710673936,138,26,VIS2
3310,0.0002449598556048176,138,28,VIS2
3311,0.24079431955500236,138,30,VIS2
3312,0.31986442071563564,139,02,LAN
3313,0.6686785304135838,139,03,LAN
3314,0.08845247176426245,139,04,LAN
3315,0.2811704471848544,139,06,LAN
3316,0.17087598343668822,139,08,LAN
3317,0.32634358965219784,139,09,LAN
3318,0.33601555981541503,139,10,LAN
3319,0.17373290624465992,139,12,LAN
3320,1.0880905273129031,139,14,LAN
3321,0.002491302241126467,139,15,LAN
3322,0.2445206891435858,139,18,LAN
3323,0.014234368932509496,139,20,LAN
3324,0.646585256394598,139,22,LAN
3325,0.1876308698651909,139,25,LAN
3326,0.7345721701811087,139,27,LAN
3327,0.42516300890616054,139,29,LAN
3328,0.19349328127912604,139,31,LAN
3329,0.2742718850967392,139,17,LAN
3330,0.35261323188789334,139,19,LAN
3331,0.0953210651670223,139,21,LAN
3332,0.36385780177489907,139,24,LAN
3333,0.24513360838966564,139,26,LAN
3334,0.4618463287342617,139,28,LAN
3335,0.003028982004903968,139,30,LAN
3336,1.0951116152149374,140,02,PMULTI
3337,0.6876277811758617,140,03,PMULTI
3338,0.42437174709107073,140,04,PMULTI
3339,0.30045378455657495,140,06,PMULTI
3340,0.23325788617534238,140,08,PMULTI
3341,0.15669986068696562,140,09,PMULTI
3342,0.3296455503047754,140,10,PMULTI
3343,0.16247088708561114,140,12,PMULTI
3344,0.9076872661174031,140,14,PMULTI
3345,0.0459287899240066,140,15,PMULTI
3346,0.6495502354964487,140,18,PMULTI
3347,0.08272344166674356,140,20,PMULTI
3348,0.3869507229838015,140,22,PMULTI
3349,0.8387024990732171,140,25,PMULTI
3350,1.107587345976933,140,27,PMULTI
3351,0.8638324650837002,140,29,PMULTI
3352,0.06982017233592913,140,31,PMULTI
3353,0.11387944409236028,140,17,PMULTI
3354,0.5257961309937071,140,19,PMULTI
3355,0.27314520966586847,140,21,PMULTI
3356,0.36489202946331023,140,24,PMULTI
3357,0.21292032760745896,140,26,PMULTI
3358,0.23450242207881025,140,28,PMULTI
3359,0.14601316023168093,140,30,PMULTI
3360,0.7129526393017473,141,02,PMULTI
3361,0.2593628378457509,141,03,PMULTI
3362,0.1411856470672474,141,04,PMULTI
3363,0.30000412066446785,141,06,PMULTI
3364,0.1854184740251307,141,08,PMULTI
3365,0.376504107916325,141,09,PMULTI
3366,0.4049660349755012,141,10,PMULTI
3367,0.2608492776314785,141,12,PMULTI
3368,0.6648845522952996,141,14,PMULTI
3369,0.10580378565609241,141,15,PMULTI
3370,0.28127087790626865,141,18,PMULTI
3371,0.3356630931155275,141,20,PMULTI
3372,0.21292903321367007,141,22,PMULTI
3373,0.2531664601160076,141,25,PMULTI
3374,0.5864720792986977,141,27,PMULTI
3375,0.09910540378621566,141,29,PMULTI
3376,5.7945743172293916e-05,141,31,PMULTI
3377,0.22388867381485297,141,17,PMULTI
3378,0.13491835100768987,141,19,PMULTI
3379,0.1863323565497559,141,21,PMULTI
3380,0.6863902412853847,141,24,PMULTI
3381,0.4258917240700141,141,26,PMULTI
3382,0.060605413509999435,141,28,PMULTI
3383,0.08050889888959313,141,30,PMULTI
3384,1.1433190515319271,142,02,VIS1
3385,0.9291627929076701,142,03,VIS1
3386,0.1803915925654309,142,04,VIS1
3387,0.21246846923712367,142,06,VIS1
3388,0.3187659617654889,142,08,VIS1
3389,0.2485131462479611,142,09,VIS1
3390,0.45885367991730075,142,10,VIS1
3391,0.2723476974962139,142,12,VIS1
3392,0.1884532808342443,142,14,VIS1
3393,0.02630347034472672,142,15,VIS1
3394,0.28031117653360865,142,18,VIS1
3395,0.2509697049568603,142,20,VIS1
3396,0.5934041110913522,142,22,VIS1
3397,0.3890508914788883,142,25,VIS1
3398,0.7475052553079269,142,27,VIS1
3399,0.7394502070525781,142,29,VIS1
3400,0.2748855433107171,142,31,VIS1
3401,0.5999972127317957,142,17,VIS1
3402,0.3260823106427849,142,19,VIS1
3403,0.15574728655618986,142,21,VIS1
3404,0.3297311646454259,142,24,VIS1
3405,0.4372984544212021,142,26,VIS1
3406,0.1305442210074919,142,28,VIS1
3407,0.11360880419833337,142,30,VIS1
3408,1.1485541182974237,143,02,DAN
3409,0.4618103971433184,143,03,DAN
3410,0.22916688844432004,143,04,DAN
3411,0.22443202475586427,143,06,DAN
3412,0.26251742470127876,143,08,DAN
3413,0.33394823128346685,143,09,DAN
3414,0.45336577530881583,143,10,DAN
3415,0.17328208435998552,143,12,DAN
3416,0.5612019613297211,143,14,DAN
3417,0.44575346197420307,143,15,DAN
3418,0.20530874408701164,143,18,DAN
3419,0.07780079344081232,143,20,DAN
3420,0.3139271300404447,143,22,DAN
3421,0.22849656438361543,143,25,DAN
3422,1.025969015778418,143,27,DAN
3423,0.38062450533397557,143,29,DAN
3424,0.046443341135909616,143,31,DAN
3425,0.17270993997433082,143,17,DAN
3426,0.17656332559297408,143,19,DAN
3427,0.08624482861162959,143,21,DAN
3428,0.46849243372063354,143,24,DAN
3429,0.6253488172245477,143,26,DAN
3430,0.1741065681509095,143,28,DAN
3431,0.31242481081458867,143,30,DAN
3432,1.1887156930897127,144,02,FPN
3433,0.6914318306854322,144,03,FPN
3434,0.11035260536580827,144,04,FPN
3435,0.44626831583551835,144,06,FPN
3436,0.09189733370696675,144,08,FPN
3437,0.22903472352408777,144,09,FPN
3438,0.07214992635166567,144,10,FPN
3439,0.4512943382966621,144,12,FPN
3440,0.5401800839629708,144,14,FPN
3441,0.6677045887059172,144,15,FPN
3442,0.36708865338886604,144,18,FPN
3443,0.07747733244909469,144,20,FPN
3444,0.4131672039783987,144,22,FPN
3445,0.20600369478240974,144,25,FPN
3446,1.352901132055582,144,27,FPN
3447,0.675298193476946,144,29,FPN
3448,0.1465598677385341,144,31,FPN
3449,0.2513248322225766,144,17,FPN
3450,0.7401283618399167,144,19,FPN
3451,0.19018529850656837,144,21,FPN
3452,0.32372679988664416,144,24,FPN
3453,0.6552987071790131,144,26,FPN
3454,0.15001325310182415,144,28,FPN
3455,0.2275360727719763,144,30,FPN
3456,0.7967025741812344,145,02,FPN
3457,0.9048679290607277,145,03,FPN
3458,0.004107469340986078,145,04,FPN
3459,0.18159693707415236,145,06,FPN
3460,0.3359207766786694,145,08,FPN
3461,0.1447222930007956,145,09,FPN
3462,0.37214572589905964,145,10,FPN
3463,0.43705087592786174,145,12,FPN
3464,0.6561654367855443,145,14,FPN
3465,0.21654869467267315,145,15,FPN
3466,0.290964012936677,145,18,FPN
3467,0.4117462609185073,145,20,FPN
3468,0.06381796505633,145,22,FPN
3469,0.11589624475555653,145,25,FPN
3470,0.983114665511619,145,27,FPN
3471,0.4530555241760968,145,29,FPN
3472,0.026085721891292237,145,31,FPN
3473,0.3269047831165636,145,17,FPN
3474,0.5538644135301495,145,19,FPN
3475,0.3553424177522663,145,21,FPN
3476,0.7527166148529694,145,24,FPN
3477,0.22467663282227804,145,26,FPN
3478,0.1302151809663308,145,28,FPN
3479,0.03795791098570337,145,30,FPN
3480,1.0806321605395934,146,02,DAN
3481,1.1591867261597113,146,03,DAN
3482,0.05408109986482841,146,04,DAN
3483,0.2557025108304475,146,06,DAN
3484,0.5756385838522414,146,08,DAN
3485,0.08686612702359306,146,09,DAN
3486,0.2231317465651825,146,10,DAN
3487,0.33778693401150767,146,12,DAN
3488,0.14069721367977323,146,14,DAN
3489,0.32749097712158143,146,15,DAN
3490,0.4071172811046421,146,18,DAN
3491,0.35240860108863736,146,20,DAN
3492,0.38200196401423947,146,22,DAN
3493,0.2750868884519282,146,25,DAN
3494,0.8160726819343566,146,27,DAN
3495,0.5271673082073798,146,29,DAN
3496,0.501041241110341,146,31,DAN
3497,0.460613863857057,146,17,DAN
3498,0.465338481776258,146,19,DAN
3499,0.49875546276030175,146,21,DAN
3500,0.346990666066242,146,24,DAN
3501,0.17957972345128187,146,26,DAN
3502,0.14244258740675553,146,28,DAN
3503,0.034827658858716956,146,30,DAN
3504,0.46483238359873674,147,02,CON
3505,0.6665156430486409,147,03,CON
3506,0.6163507098770162,147,04,CON
3507,0.15101269022121372,147,06,CON
3508,0.31002031767016897,147,08,CON
3509,0.3398421116668889,147,09,CON
3510,0.24999439384945918,147,10,CON
3511,0.05904890789372308,147,12,CON
3512,0.6779454865046752,147,14,CON
3513,0.1659718181532121,147,15,CON
3514,0.49798124405251065,147,18,CON
3515,0.08305711284873597,147,20,CON
3516,0.33005389859162154,147,22,CON
3517,0.38732908921548254,147,25,CON
3518,1.1460726936494274,147,27,CON
3519,0.3111501960027657,147,29,CON
3520,0.25834110754892325,147,31,CON
3521,0.12241231461792577,147,17,CON
3522,0.21609154439979286,147,19,CON
3523,0.2089531250794556,147,21,CON
3524,0.3626368092389636,147,24,CON
3525,0.2661951648624776,147,26,CON
3526,0.000745383730948527,147,28,CON
3527,0.029402684548926878,147,30,CON
3528,0.5471192950884017,148,02,CON
3529,0.3646619075983749,148,03,CON
3530,0.10493802642094,148,04,CON
3531,0.12412841385337031,148,06,CON
3532,0.18658375998040355,148,08,CON
3533,0.14483013255743327,148,09,CON
3534,0.2844896310018097,148,10,CON
3535,0.06846939716010259,148,12,CON
3536,0.36468788123654944,148,14,CON
3537,0.35547656480178286,148,15,CON
3538,0.34977729582694467,148,18,CON
3539,0.00384027077667451,148,20,CON
3540,0.5282300612441082,148,22,CON
3541,0.17715959626915012,148,25,CON
3542,1.1295488258323199,148,27,CON
3543,0.42533775386572303,148,29,CON
3544,0.09148210260497837,148,31,CON
3545,0.03839770046800615,148,17,CON
3546,0.3248486272821118,148,19,CON
3547,0.10486800000113057,148,21,CON
3548,0.505503018324115,148,24,CON
3549,0.2914495752323406,148,26,CON
3550,0.29858027843545953,148,28,CON
3551,0.11564857262577605,148,30,CON
3552,0.645925710991664,149,02,FPN
3553,1.2635974520616882,149,03,FPN
3554,0.2019668617062076,149,04,FPN
3555,1.0986353830241098,149,06,FPN
3556,0.2178840217467742,149,08,FPN
3557,0.2081234815496909,149,09,FPN
3558,0.4173130262934279,149,10,FPN
3559,0.05092381186211876,149,12,FPN
3560,0.48925765547014105,149,14,FPN
3561,0.32769838737187673,149,15,FPN
3562,0.3476695647496404,149,18,FPN
3563,0.374634495315385,149,20,FPN
3564,0.25368678087024643,149,22,FPN
3565,0.16068947184226678,149,25,FPN
3566,1.3047662492304306,149,27,FPN
3567,0.38260782902602286,149,29,FPN
3568,0.015409058416441251,149,31,FPN
3569,0.6803218679971382,149,17,FPN
3570,0.1990459760027429,149,19,FPN
3571,0.22695601472736568,149,21,FPN
3572,0.6151349690560062,149,24,FPN
3573,0.2845628040689641,149,26,FPN
3574,0.024541143953865276,149,28,FPN
3575,0.2707953140628903,149,30,FPN
3576,0.08676520283256567,150,02,DMN
3577,1.220517440516288,150,03,DMN
3578,0.6145228604680972,150,04,DMN
3579,0.3587349069923078,150,06,DMN
3580,0.6440914150027575,150,08,DMN
3581,0.514081375376623,150,09,DMN
3582,0.43431984277824826,150,10,DMN
3583,0.18107837424770545,150,12,DMN
3584,1.0284428868940894,150,14,DMN
3585,0.04678860042827351,150,15,DMN
3586,0.2347592478771838,150,18,DMN
3587,0.09194116697134526,150,20,DMN
3588,0.15635195752988199,150,22,DMN
3589,0.28850075022214566,150,25,DMN
3590,0.8620855214704182,150,27,DMN
3591,0.6502371225771605,150,29,DMN
3592,0.13019781938428404,150,31,DMN
3593,0.2146591578701382,150,17,DMN
3594,0.12187927427683509,150,19,DMN
3595,0.1405241312265011,150,21,DMN
3596,0.31907104474302717,150,24,DMN
3597,0.36919012779080385,150,26,DMN
3598,0.12225969159716021,150,28,DMN
3599,0.07908985184193328,150,30,DMN
3600,0.47500713704147285,151,02,DMN
3601,1.5727668806476944,151,03,DMN
3602,0.35953063491476533,151,04,DMN
3603,0.20308202394342445,151,06,DMN
3604,0.5634114148085616,151,08,DMN
3605,0.4467358919721026,151,09,DMN
3606,0.5669163455608603,151,10,DMN
3607,0.19270467632521973,151,12,DMN
3608,0.7684865875214348,151,14,DMN
3609,0.12744003461926495,151,15,DMN
3610,0.01911079005577769,151,18,DMN
3611,0.1809286457714721,151,20,DMN
3612,0.176529734415362,151,22,DMN
3613,0.23922671572333418,151,25,DMN
3614,1.355574988741204,151,27,DMN
3615,0.6084543110104547,151,29,DMN
3616,0.011438764988888565,151,31,DMN
3617,0.46342593670959675,151,17,DMN
3618,0.4190628246117845,151,19,DMN
3619,0.124396914276238,151,21,DMN
3620,0.3008591068040817,151,24,DMN
3621,0.48792204551724155,151,26,DMN
3622,0.14887590644231544,151,28,DMN
3623,0.17013359344580145,151,30,DMN
3624,0.474266034248168,152,02,VIS2
3625,0.2403490717061149,152,03,VIS2
3626,0.11780816847321121,152,04,VIS2
3627,0.14324769462381334,152,06,VIS2
3628,0.03665336651370894,152,08,VIS2
3629,0.28933543143101553,152,09,VIS2
3630,0.31854048312623306,152,10,VIS2
3631,0.12100294558357036,152,12,VIS2
3632,0.034121602055442055,152,14,VIS2
3633,0.3194227838806325,152,15,VIS2
3634,0.02582210597239833,152,18,VIS2
3635,0.1305338331492702,152,20,VIS2
3636,0.19173929290744884,152,22,VIS2
3637,0.11451470912595871,152,25,VIS2
3638,0.6860080245309311,152,27,VIS2
3639,0.4872855272971314,152,29,VIS2
3640,0.12978266782842268,152,31,VIS2
3641,0.05807098134553171,152,17,VIS2
3642,0.1727338946553354,152,19,VIS2
3643,0.015944998991680802,152,21,VIS2
3644,0.11142011493624328,152,24,VIS2
3645,0.4891150649247801,152,26,VIS2
3646,0.23357381471717373,152,28,VIS2
3647,0.24024045942052663,152,30,VIS2
3648,0.7756186520774531,153,02,VIS2
3649,0.35328848395846796,153,03,VIS2
3650,0.0963594637336833,153,04,VIS2
3651,0.3593361665755206,153,06,VIS2
3652,0.5476083333911185,153,08,VIS2
3653,0.3688989157038239,153,09,VIS2
3654,0.4017139105418693,153,10,VIS2
3655,0.48229136771782577,153,12,VIS2
3656,0.36945497578852043,153,14,VIS2
3657,0.3566017293100435,153,15,VIS2
3658,0.006372072396166777,153,18,VIS2
3659,0.011002024200611327,153,20,VIS2
3660,0.4419905049599103,153,22,VIS2
3661,0.17295467667157383,153,25,VIS2
3662,0.7420824486948625,153,27,VIS2
3663,0.37616821066453365,153,29,VIS2
3664,0.1619513224265999,153,31,VIS2
3665,0.9430578705187915,153,17,VIS2
3666,0.05899774369862177,153,19,VIS2
3667,0.05378990882686869,153,21,VIS2
3668,0.7171220347805727,153,24,VIS2
3669,0.453186708687655,153,26,VIS2
3670,0.10373003498620235,153,28,VIS2
3671,0.17024204960074435,153,30,VIS2
3672,1.2942540810950984,154,02,VIS2
3673,1.423697097178751,154,03,VIS2
3674,0.5307815912769694,154,04,VIS2
3675,0.42258880128902737,154,06,VIS2
3676,0.30207330217189543,154,08,VIS2
3677,0.847375607475347,154,09,VIS2
3678,0.4187223678371148,154,10,VIS2
3679,0.3655446110527854,154,12,VIS2
3680,0.5515499385688334,154,14,VIS2
3681,0.4582797023062914,154,15,VIS2
3682,0.1887630050735334,154,18,VIS2
3683,0.6471645208079481,154,20,VIS2
3684,0.4545999196454015,154,22,VIS2
3685,0.28520827097551976,154,25,VIS2
3686,1.6854784900155189,154,27,VIS2
3687,0.5410013718973701,154,29,VIS2
3688,0.4294851228768427,154,31,VIS2
3689,0.5435393239403203,154,17,VIS2
3690,0.6033687409568346,154,19,VIS2
3691,0.5651182491057948,154,21,VIS2
3692,0.4070735653597181,154,24,VIS2
3693,0.4732962627346558,154,26,VIS2
3694,0.34602149612133287,154,28,VIS2
3695,0.17906374490798366,154,30,VIS2
3696,1.2247861198999306,155,02,DMN
3697,0.5071805801957328,155,03,DMN
3698,0.003939875856134339,155,04,DMN
3699,0.6363971207963445,155,06,DMN
3700,0.46014489294058214,155,08,DMN
3701,0.34691639369890925,155,09,DMN
3702,0.49148334800865473,155,10,DMN
3703,0.4205641441618549,155,12,DMN
3704,0.11784608142198438,155,14,DMN
3705,0.5177449242692421,155,15,DMN
3706,0.2428615127812095,155,18,DMN
3707,0.20476128790407247,155,20,DMN
3708,0.2367089031597627,155,22,DMN
3709,0.36152809489133464,155,25,DMN
3710,1.0883410341315756,155,27,DMN
3711,0.3729784104320453,155,29,DMN
3712,0.3605345004581543,155,31,DMN
3713,0.4900045450118695,155,17,DMN
3714,0.15231286482912332,155,19,DMN
3715,0.160562730962287,155,21,DMN
3716,0.32266750283922674,155,24,DMN
3717,0.8592406085797465,155,26,DMN
3718,0.1057003723008101,155,28,DMN
3719,0.9921503901752129,155,30,DMN
3720,0.2780943912007444,156,02,VIS2
3721,0.27711022984247785,156,03,VIS2
3722,0.20471842923304923,156,04,VIS2
3723,0.034388655242455594,156,06,VIS2
3724,0.4200403489293549,156,08,VIS2
3725,0.09247293407264855,156,09,VIS2
3726,0.5734131683749101,156,10,VIS2
3727,0.20340866098610433,156,12,VIS2
3728,0.17655716656350637,156,14,VIS2
3729,0.06895918888578717,156,15,VIS2
3730,0.5588210845465109,156,18,VIS2
3731,0.03373461070238742,156,20,VIS2
3732,0.4652617294506058,156,22,VIS2
3733,0.09350366466408894,156,25,VIS2
3734,0.782009724975094,156,27,VIS2
3735,0.28597675769317765,156,29,VIS2
3736,0.12557980975571412,156,31,VIS2
3737,0.41551363659562063,156,17,VIS2
3738,0.22021075249588637,156,19,VIS2
3739,0.12513542702619243,156,21,VIS2
3740,0.1801425579422072,156,24,VIS2
3741,0.6754551561351898,156,26,VIS2
3742,0.013321595081242367,156,28,VIS2
3743,0.028129586181386498,156,30,VIS2
3744,0.7025336126410187,157,02,VIS2
3745,0.2792319178362541,157,03,VIS2
3746,0.6280730259857104,157,04,VIS2
3747,0.11663198044672468,157,06,VIS2
3748,0.48872198457569527,157,08,VIS2
3749,0.2928001491428994,157,09,VIS2
3750,0.5775501744528986,157,10,VIS2
3751,0.10905774472577254,157,12,VIS2
3752,0.5819297195927551,157,14,VIS2
3753,0.0486599555481453,157,15,VIS2
3754,0.29614630056873753,157,18,VIS2
3755,0.0008031245785602519,157,20,VIS2
3756,0.781796320862114,157,22,VIS2
3757,0.5359656849978164,157,25,VIS2
3758,1.2294323299052785,157,27,VIS2
3759,0.4809956475615521,157,29,VIS2
3760,0.019613745629785316,157,31,VIS2
3761,0.030758462595315363,157,17,VIS2
3762,0.32791359459183567,157,19,VIS2
3763,0.32863919205007974,157,21,VIS2
3764,0.17225102157670094,157,24,VIS2
3765,0.4957526440361621,157,26,VIS2
3766,0.05784348489041612,157,28,VIS2
3767,0.07474003138746096,157,30,VIS2
3768,0.7446677600004505,158,02,VIS2
3769,0.8341371700803506,158,03,VIS2
3770,0.7074439423199441,158,04,VIS2
3771,0.20595626009861356,158,06,VIS2
3772,0.19154228398414005,158,08,VIS2
3773,0.42004922346181917,158,09,VIS2
3774,0.4196200616199187,158,10,VIS2
3775,0.2790245575433952,158,12,VIS2
3776,0.44750202272492434,158,14,VIS2
3777,0.20227658566712461,158,15,VIS2
3778,0.2221692746252469,158,18,VIS2
3779,0.1731620141580517,158,20,VIS2
3780,0.07974447896844052,158,22,VIS2
3781,0.273939579966437,158,25,VIS2
3782,0.6257125993568006,158,27,VIS2
3783,0.3302511536748798,158,29,VIS2
3784,0.4216411265297557,158,31,VIS2
3785,0.5614885480210876,158,17,VIS2
3786,0.1622622038007851,158,19,VIS2
3787,0.03853794680310731,158,21,VIS2
3788,0.7573650796110296,158,24,VIS2
3789,0.42229295529038413,158,26,VIS2
3790,0.028804860439193895,158,28,VIS2
3791,0.1120518832579619,158,30,VIS2
3792,1.1052753917362539,159,02,VIS2
3793,0.13949374521289326,159,03,VIS2
3794,0.12226296935467873,159,04,VIS2
3795,0.34738211854593054,159,06,VIS2
3796,0.031023020023811337,159,08,VIS2
3797,0.30499399964585233,159,09,VIS2
3798,0.6819303612767186,159,10,VIS2
3799,0.03651749904226029,159,12,VIS2
3800,0.5614756059363963,159,14,VIS2
3801,0.15482922100520677,159,15,VIS2
3802,0.7718436770412469,159,18,VIS2
3803,0.1224788249530608,159,20,VIS2
3804,0.032442312442133706,159,22,VIS2
3805,0.31326803836167594,159,25,VIS2
3806,0.29482861752339967,159,27,VIS2
3807,0.499065913064746,159,29,VIS2
3808,0.1110970822644866,159,31,VIS2
3809,0.14843265682835324,159,17,VIS2
3810,0.1838194737118093,159,19,VIS2
3811,0.011882856201389088,159,21,VIS2
3812,0.18589324869796817,159,24,VIS2
3813,0.8614222155672154,159,26,VIS2
3814,7.089072860502868e-06,159,28,VIS2
3815,0.2815347535362004,159,30,VIS2
3816,0.4453085493754739,160,02,VIS2
3817,0.5959859716799728,160,03,VIS2
3818,0.5529547211598412,160,04,VIS2
3819,0.35973315579557424,160,06,VIS2
3820,0.26415407510196276,160,08,VIS2
3821,0.6014728801712996,160,09,VIS2
3822,0.3329058399759484,160,10,VIS2
3823,0.07831076513715897,160,12,VIS2
3824,0.7062788122029596,160,14,VIS2
3825,0.5448403179439912,160,15,VIS2
3826,0.18365357759094933,160,18,VIS2
3827,0.35399678026721476,160,20,VIS2
3828,0.20267963049260926,160,22,VIS2
3829,0.13599189508558912,160,25,VIS2
3830,0.956880782118715,160,27,VIS2
3831,0.3449073756615106,160,29,VIS2
3832,0.041767520948827956,160,31,VIS2
3833,0.5028477876891403,160,17,VIS2
3834,0.4587498932656003,160,19,VIS2
3835,0.1148217024804747,160,21,VIS2
3836,0.576848684984444,160,24,VIS2
3837,0.38021448544843306,160,26,VIS2
3838,0.2379734780657089,160,28,VIS2
3839,0.18297795190514488,160,30,VIS2
3840,0.3778376646333582,161,02,DMN
3841,0.9852905992994376,161,03,DMN
3842,0.0735851754871176,161,04,DMN
3843,0.20324749593840927,161,06,DMN
3844,0.17806701034164962,161,08,DMN
3845,0.1999642607789334,161,09,DMN
3846,0.4951213082565379,161,10,DMN
3847,0.20175767398745578,161,12,DMN
3848,0.22460380247807565,161,14,DMN
3849,0.025668456530113758,161,15,DMN
3850,0.16278658424302728,161,18,DMN
3851,0.1766253361049067,161,20,DMN
3852,0.2322230254433078,161,22,DMN
3853,0.08714063992163688,161,25,DMN
3854,0.8132706897907318,161,27,DMN
3855,0.39216717024431613,161,29,DMN
3856,0.009124736246950552,161,31,DMN
3857,0.2019552222212256,161,17,DMN
3858,0.33546310553278913,161,19,DMN
3859,0.21468250466517946,161,21,DMN
3860,0.2830932126081179,161,24,DMN
3861,0.16223806041228045,161,26,DMN
3862,0.20783320448324713,161,28,DMN
3863,0.32348826453536167,161,30,DMN
3864,0.17007719866257384,162,02,DMN
3865,0.5868522023497672,162,03,DMN
3866,0.21961277503686072,162,04,DMN
3867,0.28932613431581045,162,06,DMN
3868,0.20562005905722985,162,08,DMN
3869,0.13856691257071466,162,09,DMN
3870,0.26689442247536777,162,10,DMN
3871,0.0033039153540226768,162,12,DMN
3872,0.01252493747694852,162,14,DMN
3873,0.010782521140814268,162,15,DMN
3874,0.09349960489962238,162,18,DMN
3875,8.860160308481713e-05,162,20,DMN
3876,0.07647168856497547,162,22,DMN
3877,0.0002603135948004809,162,25,DMN
3878,0.22966419901604868,162,27,DMN
3879,0.6711376390072509,162,29,DMN
3880,0.0006751429532274838,162,31,DMN
3881,0.15223892187221366,162,17,DMN
3882,0.04094592818181861,162,19,DMN
3883,0.07235644560691681,162,21,DMN
3884,0.22901846717873872,162,24,DMN
3885,0.10939296313105157,162,26,DMN
3886,0.3130524285090999,162,28,DMN
3887,0.3182482518065501,162,30,DMN
3888,1.4503043438760141,163,02,VIS2
3889,1.0159137493033867,163,03,VIS2
3890,0.7436608982210463,163,04,VIS2
3891,0.86495489957272,163,06,VIS2
3892,0.2525135224896115,163,08,VIS2
3893,0.831633921756567,163,09,VIS2
3894,0.7100508035372293,163,10,VIS2
3895,0.48139007943284784,163,12,VIS2
3896,0.43696611912455363,163,14,VIS2
3897,0.34600984316626787,163,15,VIS2
3898,0.54220017056333,163,18,VIS2
3899,0.6519273622708602,163,20,VIS2
3900,0.3739242308985262,163,22,VIS2
3901,0.43101511825610883,163,25,VIS2
3902,1.3662345925771149,163,27,VIS2
3903,0.9997654340424962,163,29,VIS2
3904,0.23812202043059064,163,31,VIS2
3905,0.3303371635125937,163,17,VIS2
3906,0.6118568290612408,163,19,VIS2
3907,0.15869773181537664,163,21,VIS2
3908,0.5809056304967566,163,24,VIS2
3909,0.5332853333842537,163,26,VIS2
3910,0.00032157410654252153,163,28,VIS2
3911,0.7953718117555764,163,30,VIS2
3912,0.14247953821017026,164,02,DMN
3913,0.43028361041206115,164,03,DMN
3914,0.14353051272947331,164,04,DMN
3915,0.028149134579039066,164,06,DMN
3916,0.00010489008795192974,164,08,DMN
3917,0.057828293200012246,164,09,DMN
3918,0.13405206716925475,164,10,DMN
3919,0.09028407685874265,164,12,DMN
3920,0.24207021993504793,164,14,DMN
3921,0.06294211341798883,164,15,DMN
3922,0.014806908296958445,164,18,DMN
3923,0.1410335748130016,164,20,DMN
3924,0.28844074951595716,164,22,DMN
3925,0.026585935311282352,164,25,DMN
3926,0.4655690803473635,164,27,DMN
3927,0.16742965122952805,164,29,DMN
3928,0.1444943553885897,164,31,DMN
3929,0.23204944739365413,164,17,DMN
3930,0.00535345516981592,164,19,DMN
3931,0.012770461974669292,164,21,DMN
3932,0.2175670351185549,164,24,DMN
3933,0.024515130336551,164,26,DMN
3934,0.00324228840486078,164,28,DMN
3935,0.06783235674948349,164,30,DMN
3936,0.02548052101278562,165,02,DMN
3937,0.4938918128766477,165,03,DMN
3938,0.09248048959414754,165,04,DMN
3939,0.6009554553245072,165,06,DMN
3940,0.009232886100620999,165,08,DMN
3941,0.07181661365285287,165,09,DMN
3942,0.01097281394574264,165,10,DMN
3943,0.13421814680098612,165,12,DMN
3944,0.3255286820209576,165,14,DMN
3945,0.0873119656679187,165,15,DMN
3946,0.0004925715827914171,165,18,DMN
3947,0.03828569010581492,165,20,DMN
3948,0.4119507001918373,165,22,DMN
3949,0.03838917684954075,165,25,DMN
3950,0.13436982411624376,165,27,DMN
3951,0.35508267233884494,165,29,DMN
3952,0.07943690792024527,165,31,DMN
3953,0.33142368435672914,165,17,DMN
3954,0.01396465724110178,165,19,DMN
3955,0.5137191242027017,165,21,DMN
3956,0.0017902056039776682,165,24,DMN
3957,0.1654674320733793,165,26,DMN
3958,0.07578555690895637,165,28,DMN
3959,0.03275798059750714,165,30,DMN
3960,0.03768556893139414,166,02,ORA
3961,0.1694683845036264,166,03,ORA
3962,0.05297790965901338,166,04,ORA
3963,0.0006333291508790878,166,06,ORA
3964,0.0002172045618982102,166,08,ORA
3965,0.0005378812369410559,166,09,ORA
3966,0.21712739581745275,166,10,ORA
3967,0.00652318777449589,166,12,ORA
3968,0.14195875773460476,166,14,ORA
3969,0.07983632349002717,166,15,ORA
3970,0.058403400027209985,166,18,ORA
3971,0.09598534544719889,166,20,ORA
3972,0.017928749926773284,166,22,ORA
3973,0.09108927947411427,166,25,ORA
3974,0.37952730462969636,166,27,ORA
3975,0.1610128788469713,166,29,ORA
3976,0.006727754601548308,166,31,ORA
3977,0.14603337068866307,166,17,ORA
3978,0.01653765457564577,166,19,ORA
3979,0.09132708711857367,166,21,ORA
3980,0.2802520694068645,166,24,ORA
3981,3.3490941778118543e-07,166,26,ORA
3982,0.028457965873279496,166,28,ORA
3983,0.11110806447848788,166,30,ORA
3984,0.12337347603195596,167,02,CON
3985,0.3482061957475429,167,03,CON
3986,0.026090308364344488,167,04,CON
3987,0.06314805797815334,167,06,CON
3988,0.005314755717894901,167,08,CON
3989,4.30995752882347e-05,167,09,CON
3990,0.41640458264367064,167,10,CON
3991,0.007994542609400478,167,12,CON
3992,0.0021246011101095914,167,14,CON
3993,0.01736220846521341,167,15,CON
3994,0.2001253425146697,167,18,CON
3995,0.04156315398189826,167,20,CON
3996,0.04684346642029069,167,22,CON
3997,0.25221887365958273,167,25,CON
3998,0.2807264962121924,167,27,CON
3999,4.020213611796628e-05,167,29,CON
4000,3.2436702110913326e-05,167,31,CON
4001,0.0006093370565270424,167,17,CON
4002,0.009097807910365992,167,19,CON
4003,0.32226035686602084,167,21,CON
4004,0.1841621874154167,167,24,CON
4005,0.00046509783686945154,167,26,CON
4006,0.37949369912732184,167,28,CON
4007,0.09248347494349486,167,30,CON
4008,0.22638583517002717,168,02,SMN
4009,0.019665703037740914,168,03,SMN
4010,0.14538187428255858,168,04,SMN
4011,0.046281748047990026,168,06,SMN
4012,0.24640496868284675,168,08,SMN
4013,0.002809804771286328,168,09,SMN
4014,0.16619934013332543,168,10,SMN
4015,0.04313432510933932,168,12,SMN
4016,0.25936055118387963,168,14,SMN
4017,0.09274793794783302,168,15,SMN
4018,0.0292420468464478,168,18,SMN
4019,0.001976923086350707,168,20,SMN
4020,0.02650106761695686,168,22,SMN
4021,0.013166829309647606,168,25,SMN
4022,0.09582629643641585,168,27,SMN
4023,0.13683878522320678,168,29,SMN
4024,0.023426161495041436,168,31,SMN
4025,0.01509118886102974,168,17,SMN
4026,0.11679591621209212,168,19,SMN
4027,0.21351254599904132,168,21,SMN
4028,0.14836303241184617,168,24,SMN
4029,0.09536748903078128,168,26,SMN
4030,0.22620359270294074,168,28,SMN
4031,0.009996067180905796,168,30,SMN
4032,0.039465793250672745,169,02,CON
4033,0.2665026651297092,169,03,CON
4034,0.14506260769704157,169,04,CON
4035,0.24806020678574875,169,06,CON
4036,0.10059893211482848,169,08,CON
4037,0.43786753102532316,169,09,CON
4038,0.3638651505176979,169,10,CON
4039,0.14265050006485083,169,12,CON
4040,0.47344069751065454,169,14,CON
4041,0.10256861822105082,169,15,CON
4042,0.11661485731664765,169,18,CON
4043,0.24554884522000214,169,20,CON
4044,0.23160583103976248,169,22,CON
4045,0.3215000769208253,169,25,CON
4046,0.10173995435322557,169,27,CON
4047,0.28229910764849314,169,29,CON
4048,0.05103046004660174,169,31,CON
4049,0.20596677129034688,169,17,CON
4050,0.08084313170320057,169,19,CON
4051,0.10621281802738408,169,21,CON
4052,1.0000535806162925,169,24,CON
4053,0.49708979884635046,169,26,CON
4054,0.016003095389029214,169,28,CON
4055,0.09913440134663813,169,30,CON
4056,0.5802327568902653,170,02,FPN
4057,0.4827989375703044,170,03,FPN
4058,0.10962079157530086,170,04,FPN
4059,0.16131332114268165,170,06,FPN
4060,0.10179114839132374,170,08,FPN
4061,0.3151819879424175,170,09,FPN
4062,0.007017909557192656,170,10,FPN
4063,0.3514451322298937,170,12,FPN
4064,5.028198874332606e-05,170,14,FPN
4065,0.07287478812868903,170,15,FPN
4066,0.010267105248369247,170,18,FPN
4067,0.2687843758432004,170,20,FPN
4068,0.013831694365421619,170,22,FPN
4069,0.027547907955680514,170,25,FPN
4070,0.8942569237473083,170,27,FPN
4071,0.21521030138532696,170,29,FPN
4072,0.0054718675621914376,170,31,FPN
4073,0.04724738786394392,170,17,FPN
4074,0.19514244936171898,170,19,FPN
4075,0.003736797990935143,170,21,FPN
4076,0.029722496341528033,170,24,FPN
4077,0.3251274336935356,170,26,FPN
4078,0.12871374261040835,170,28,FPN
4079,0.0013217943911560197,170,30,FPN
4080,0.5338273689406403,171,02,FPN
4081,0.11769139186239191,171,03,FPN
4082,0.05448856081665533,171,04,FPN
4083,0.28604468099837865,171,06,FPN
4084,0.27478084194659536,171,08,FPN
4085,0.0031110029621139144,171,09,FPN
4086,0.43021043644631635,171,10,FPN
4087,0.000924737538366211,171,12,FPN
4088,0.211269232172994,171,14,FPN
4089,0.05408509610922562,171,15,FPN
4090,0.16925740087336738,171,18,FPN
4091,0.07107681497981319,171,20,FPN
4092,0.2644899547139739,171,22,FPN
4093,0.15450242644597062,171,25,FPN
4094,0.6200794614165213,171,27,FPN
4095,0.07829446799126304,171,29,FPN
4096,0.10306884974922867,171,31,FPN
4097,0.29571152495487457,171,17,FPN
4098,0.1518753244850434,171,19,FPN
4099,0.07902156567763666,171,21,FPN
4100,0.23035584107266022,171,24,FPN
4101,0.09940928871637623,171,26,FPN
4102,0.3166208474082627,171,28,FPN
4103,0.018250223155448247,171,30,FPN
4104,0.15224520758378557,172,02,LAN
4105,0.007717074472442608,172,03,LAN
4106,0.004851056521211168,172,04,LAN
4107,0.05756371577274065,172,06,LAN
4108,0.28929482452180827,172,08,LAN
4109,0.015964049754371268,172,09,LAN
4110,0.4757760144789135,172,10,LAN
4111,0.0014761490645090495,172,12,LAN
4112,0.0005860090195243442,172,14,LAN
4113,0.065338985936449,172,15,LAN
4114,0.022288722009215278,172,18,LAN
4115,0.015453275143482,172,20,LAN
4116,0.09536952697404219,172,22,LAN
4117,0.0007327395188427004,172,25,LAN
4118,0.0667703303949102,172,27,LAN
4119,0.004131197281130193,172,29,LAN
4120,0.012119700585800692,172,31,LAN
4121,0.0003271777852836562,172,17,LAN
4122,0.06339126798775833,172,19,LAN
4123,0.005621223058555432,172,21,LAN
4124,0.006967054799429811,172,24,LAN
4125,0.5445939479600257,172,26,LAN
4126,0.016343809965266947,172,28,LAN
4127,0.2986302504424792,172,30,LAN
4128,0.040075046399011764,173,02,AUD
4129,0.02582055789440899,173,03,AUD
4130,0.23258035194227547,173,04,AUD
4131,0.1611721247657801,173,06,AUD
4132,0.05403807743156533,173,08,AUD
4133,0.0014142925163965361,173,09,AUD
4134,0.04387091520068741,173,10,AUD
4135,0.040171604627822245,173,12,AUD
4136,0.05670334405595473,173,14,AUD
4137,0.05911034087764076,173,15,AUD
4138,0.011273721323915289,173,18,AUD
4139,0.0007657424544700606,173,20,AUD
4140,0.1204567495079495,173,22,AUD
4141,0.1291660443195503,173,25,AUD
4142,0.1532838184053083,173,27,AUD
4143,0.12462507468639095,173,29,AUD
4144,0.0036500060937197047,173,31,AUD
4145,0.012392909903290542,173,17,AUD
4146,1.81685435975897e-05,173,19,AUD
4147,0.20533882011879565,173,21,AUD
4148,0.019311562033018717,173,24,AUD
4149,0.2410027553645627,173,26,AUD
4150,0.13717488958819357,173,28,AUD
4151,0.006849294119062053,173,30,AUD
4152,0.29069191966856206,174,02,AUD
4153,0.30340886286984414,174,03,AUD
4154,0.009627306644989824,174,04,AUD
4155,0.4849909079665793,174,06,AUD
4156,0.0301768068432335,174,08,AUD
4157,0.11570512539945409,174,09,AUD
4158,0.1400229816159215,174,10,AUD
4159,0.06721227776984981,174,12,AUD
4160,0.05783754084465717,174,14,AUD
4161,0.019413405445669867,174,15,AUD
4162,0.19147933367160597,174,18,AUD
4163,0.03571006430476674,174,20,AUD
4164,0.02952300316361123,174,22,AUD
4165,0.1769238726465224,174,25,AUD
4166,0.2168665968373557,174,27,AUD
4167,0.32875020293458423,174,29,AUD
4168,0.01926930029466533,174,31,AUD
4169,0.014759152159520988,174,17,AUD
4170,0.009180926800974725,174,19,AUD
4171,0.08444803231611274,174,21,AUD
4172,0.2060685814718437,174,24,AUD
4173,0.22578582549925946,174,26,AUD
4174,0.000630644206579753,174,28,AUD
4175,0.10146481829643302,174,30,AUD
4176,0.2026391969363258,175,02,AUD
4177,0.13950999168099798,175,03,AUD
4178,0.41671244371167804,175,04,AUD
4179,0.2597471023686666,175,06,AUD
4180,0.4361861570380999,175,08,AUD
4181,0.009698088899574553,175,09,AUD
4182,0.19478413988342327,175,10,AUD
4183,0.0009009502273179932,175,12,AUD
4184,0.19660716606078327,175,14,AUD
4185,0.01660717382915222,175,15,AUD
4186,0.10788805147946025,175,18,AUD
4187,0.1098755709927623,175,20,AUD
4188,0.21458198039167317,175,22,AUD
4189,0.05319591839483026,175,25,AUD
4190,0.6509578526231445,175,27,AUD
4191,0.1424542317837102,175,29,AUD
4192,0.004809243405065623,175,31,AUD
4193,0.09439634050280499,175,17,AUD
4194,0.112398571186057,175,19,AUD
4195,0.19199517050638895,175,21,AUD
4196,0.40954890881068995,175,24,AUD
4197,0.08195217433274526,175,26,AUD
4198,0.006557015315885745,175,28,AUD
4199,0.0857894562002687,175,30,AUD
4200,0.08891967005834854,176,02,DMN
4201,0.2651739168087637,176,03,DMN
4202,0.08371915863103005,176,04,DMN
4203,0.13286665550330934,176,06,DMN
4204,0.00028547695382053964,176,08,DMN
4205,0.05487562956371485,176,09,DMN
4206,0.12781642708221383,176,10,DMN
4207,0.0014821537872328388,176,12,DMN
4208,0.11411005043329171,176,14,DMN
4209,0.024424902083837335,176,15,DMN
4210,0.4142847168057851,176,18,DMN
4211,0.01974584974175561,176,20,DMN
4212,0.1374316457500785,176,22,DMN
4213,0.005798611246972361,176,25,DMN
4214,0.21064366898670725,176,27,DMN
4215,0.00018567562069490633,176,29,DMN
4216,0.010151060580704543,176,31,DMN
4217,0.13856329138443954,176,17,DMN
4218,0.0015401861952189769,176,19,DMN
4219,0.016117928638463026,176,21,DMN
4220,0.2707749285770073,176,24,DMN
4221,0.08034020036936507,176,26,DMN
4222,0.0972466325800045,176,28,DMN
4223,0.0404916078349301,176,30,DMN
4224,0.004785377867749165,177,02,DMN
4225,0.17327880367951082,177,03,DMN
4226,0.05364123746768946,177,04,DMN
4227,0.00468805576144913,177,06,DMN
4228,0.027682120593301364,177,08,DMN
4229,0.02429285466575565,177,09,DMN
4230,0.3695564455117216,177,10,DMN
4231,9.533668523103975e-05,177,12,DMN
4232,0.01644768941259948,177,14,DMN
4233,0.0004353167633001364,177,15,DMN
4234,0.00528625613265448,177,18,DMN
4235,0.15038613792643976,177,20,DMN
4236,0.11137621947644492,177,22,DMN
4237,0.1245114074307033,177,25,DMN
4238,0.18243732582775837,177,27,DMN
4239,0.3172527294557241,177,29,DMN
4240,0.01830123938399614,177,31,DMN
4241,0.03252729656544519,177,17,DMN
4242,0.029709899638414517,177,19,DMN
4243,0.092942666436062,177,21,DMN
4244,0.2301726104765464,177,24,DMN
4245,0.10391423529642488,177,26,DMN
4246,0.0335113199300982,177,28,DMN
4247,0.21643372621582171,177,30,DMN
4248,0.049093255951811784,178,02,CON
4249,0.07254938864972964,178,03,CON
4250,0.7312955923843171,178,04,CON
4251,0.002044389851377719,178,06,CON
4252,0.022878576561406433,178,08,CON
4253,0.006572979963599017,178,09,CON
4254,0.07102210239392046,178,10,CON
4255,0.08660551411521057,178,12,CON
4256,0.052360001585186076,178,14,CON
4257,0.34290465000373604,178,15,CON
4258,0.03060104517750599,178,18,CON
4259,0.03783117708074106,178,20,CON
4260,0.009157588541575059,178,22,CON
4261,0.17765227078996634,178,25,CON
4262,0.02076940528807022,178,27,CON
4263,0.03988935389021388,178,29,CON
4264,0.026448346468665163,178,31,CON
4265,0.002025935939599008,178,17,CON
4266,0.05145475957672419,178,19,CON
4267,0.045169097627185455,178,21,CON
4268,0.012561677330846309,178,24,CON
4269,0.13470556910568438,178,26,CON
4270,0.0022138012304734347,178,28,CON
4271,0.02101525454271924,178,30,CON
4272,0.402940805150047,179,02,CON
4273,0.4373632694203117,179,03,CON
4274,0.058437305382430964,179,04,CON
4275,0.6011625216760765,179,06,CON
4276,0.009673322650174633,179,08,CON
4277,0.4414549940755189,179,09,CON
4278,0.3656433416608327,179,10,CON
4279,0.28459467882953915,179,12,CON
4280,0.9380675774679731,179,14,CON
4281,0.014839080438906992,179,15,CON
4282,0.19013958163447645,179,18,CON
4283,0.07034947790133075,179,20,CON
4284,0.09101364631093092,179,22,CON
4285,0.43608301691320805,179,25,CON
4286,0.19977244787733503,179,27,CON
4287,0.007668161333918456,179,29,CON
4288,0.0012209049963399388,179,31,CON
4289,0.23232215513237955,179,17,CON
4290,0.007222843667856721,179,19,CON
4291,0.10833410676547293,179,21,CON
4292,0.5170761363941023,179,24,CON
4293,0.1681807239788236,179,26,CON
4294,0.3340693447201306,179,28,CON
4295,0.036505500168831605,179,30,CON
4296,0.06638855744260383,180,02,CON
4297,0.5071666721378529,180,03,CON
4298,0.1628023253257403,180,04,CON
4299,0.1192265498759713,180,06,CON
4300,0.024151530136702654,180,08,CON
4301,0.025977550429820105,180,09,CON
4302,0.57774257713041,180,10,CON
4303,0.004404094246155737,180,12,CON
4304,0.45003562123725405,180,14,CON
4305,0.014301086822124144,180,15,CON
4306,0.024647930534333725,180,18,CON
4307,0.032852938147135295,180,20,CON
4308,0.22587535884935347,180,22,CON
4309,0.28103634499953056,180,25,CON
4310,0.24541972579697113,180,27,CON
4311,0.46189639646123487,180,29,CON
4312,2.924487975829207e-05,180,31,CON
4313,0.12111569234252355,180,17,CON
4314,0.02494496615472173,180,19,CON
4315,0.045156308756309375,180,21,CON
4316,0.07528438131012663,180,24,CON
4317,0.4245902368638862,180,26,CON
4318,0.6988406471074873,180,28,CON
4319,0.11489835324582766,180,30,CON
4320,1.4152339187448926,181,02,VIS1
4321,1.2018790480029438,181,03,VIS1
4322,0.9615194562555914,181,04,VIS1
4323,1.2365057868123386,181,06,VIS1
4324,0.7040768756228107,181,08,VIS1
4325,1.0195915401804345,181,09,VIS1
4326,0.583616154147597,181,10,VIS1
4327,0.4715162720487955,181,12,VIS1
4328,1.1621156121932856,181,14,VIS1
4329,0.7178395983159851,181,15,VIS1
4330,0.17456837694187163,181,18,VIS1
4331,0.933120515885537,181,20,VIS1
4332,0.18837573327680743,181,22,VIS1
4333,0.46991144855385447,181,25,VIS1
4334,1.6148936980338504,181,27,VIS1
4335,0.9047770616724743,181,29,VIS1
4336,0.8641418651003878,181,31,VIS1
4337,0.5692136290353735,181,17,VIS1
4338,0.6955269696081963,181,19,VIS1
4339,0.31761492432004396,181,21,VIS1
4340,1.040665375333241,181,24,VIS1
4341,0.8240573438054275,181,26,VIS1
4342,0.39968121765270387,181,28,VIS1
4343,0.8389179146251434,181,30,VIS1
4344,1.6955033898326497,182,02,VIS2
4345,1.274584788388881,182,03,VIS2
4346,0.1382075457956358,182,04,VIS2
4347,0.4959434505199947,182,06,VIS2
4348,0.1912128286233535,182,08,VIS2
4349,0.7713560383424137,182,09,VIS2
4350,0.35466197243657244,182,10,VIS2
4351,0.20998947952392788,182,12,VIS2
4352,1.0106531850897325,182,14,VIS2
4353,0.4983127795805671,182,15,VIS2
4354,0.45490152647253435,182,18,VIS2
4355,0.2521216329499845,182,20,VIS2
4356,0.011513819604778595,182,22,VIS2
4357,0.5238796955280288,182,25,VIS2
4358,1.0555244763115834,182,27,VIS2
4359,0.8998064122138082,182,29,VIS2
4360,0.5582295362834104,182,31,VIS2
4361,1.0890192821529476,182,17,VIS2
4362,0.40107451448560394,182,19,VIS2
4363,0.4020062794304446,182,21,VIS2
4364,0.7640618715203715,182,24,VIS2
4365,0.01344885791058309,182,26,VIS2
4366,0.4440585602868396,182,28,VIS2
4367,0.2318275027328237,182,30,VIS2
4368,1.1788603304899046,183,02,VIS2
4369,0.8730558220053422,183,03,VIS2
4370,0.030577687143143618,183,04,VIS2
4371,0.3268971429746102,183,06,VIS2
4372,0.4594139924280883,183,08,VIS2
4373,0.40898782230129743,183,09,VIS2
4374,0.32988014828812173,183,10,VIS2
4375,0.236136650304146,183,12,VIS2
4376,0.20932661493692614,183,14,VIS2
4377,0.00011286756527957254,183,15,VIS2
4378,0.5749208583094881,183,18,VIS2
4379,0.1173530625253629,183,20,VIS2
4380,0.32414055675776776,183,22,VIS2
4381,0.3193539779512038,183,25,VIS2
4382,1.0487019085867306,183,27,VIS2
4383,0.7370368509088315,183,29,VIS2
4384,0.11334976382355912,183,31,VIS2
4385,0.11966017695492161,183,17,VIS2
4386,0.09644833775204142,183,19,VIS2
4387,0.28508789644162735,183,21,VIS2
4388,0.6472105963568355,183,24,VIS2
4389,0.6085521675280006,183,26,VIS2
4390,0.10347386705993214,183,28,VIS2
4391,0.22417419489249485,183,30,VIS2
4392,1.5358614598055995,184,02,VIS2
4393,1.2864471305900038,184,03,VIS2
4394,0.6677117838489404,184,04,VIS2
4395,1.1216238373336769,184,06,VIS2
4396,0.6865023428192589,184,08,VIS2
4397,1.2754992643708627,184,09,VIS2
4398,0.557861492985495,184,10,VIS2
4399,0.6072302705812472,184,12,VIS2
4400,1.2386742042058898,184,14,VIS2
4401,0.7164037063370432,184,15,VIS2
4402,0.4914222011922131,184,18,VIS2
4403,1.0627843775448886,184,20,VIS2
4404,0.1557922647141779,184,22,VIS2
4405,0.539655884509718,184,25,VIS2
4406,1.2889380309905458,184,27,VIS2
4407,0.9968756473619713,184,29,VIS2
4408,1.4112252370283642,184,31,VIS2
4409,0.7316441165570119,184,17,VIS2
4410,0.8197894360111099,184,19,VIS2
4411,0.42600868869064623,184,21,VIS2
4412,1.1346387663914548,184,24,VIS2
4413,0.6352034691720103,184,26,VIS2
4414,0.4505131514829268,184,28,VIS2
4415,0.846183314052291,184,30,VIS2
4416,1.9416931374945166,185,02,VIS2
4417,1.6271383596364943,185,03,VIS2
4418,0.8749203667319512,185,04,VIS2
4419,0.7796864433088228,185,06,VIS2
4420,0.6566896953038642,185,08,VIS2
4421,1.1274790459964548,185,09,VIS2
4422,0.5250419519233496,185,10,VIS2
4423,0.7401935365798352,185,12,VIS2
4424,1.0356845026385366,185,14,VIS2
4425,0.625997524731645,185,15,VIS2
4426,0.8365571280203195,185,18,VIS2
4427,0.7516785583537452,185,20,VIS2
4428,0.18633361310523522,185,22,VIS2
4429,0.9190643942751975,185,25,VIS2
4430,1.6390556134347052,185,27,VIS2
4431,0.8157184506711123,185,29,VIS2
4432,0.9582351303079161,185,31,VIS2
4433,0.8772375298387909,185,17,VIS2
4434,0.9015037719707227,185,19,VIS2
4435,0.3334860713189401,185,21,VIS2
4436,1.6336319935523218,185,24,VIS2
4437,0.8184019480073629,185,26,VIS2
4438,0.328992320239641,185,28,VIS2
4439,1.287235652965183,185,30,VIS2
4440,2.007023263796482,186,02,VIS2
4441,1.8894775034857707,186,03,VIS2
4442,0.9298534127897866,186,04,VIS2
4443,0.6665880263754743,186,06,VIS2
4444,0.6945685591230994,186,08,VIS2
4445,1.2239056976236904,186,09,VIS2
4446,0.8320124732685624,186,10,VIS2
4447,0.7514137331989729,186,12,VIS2
4448,0.9295773352349344,186,14,VIS2
4449,0.8428321318881565,186,15,VIS2
4450,0.527007968256214,186,18,VIS2
4451,0.5844825872822788,186,20,VIS2
4452,0.14154339943935046,186,22,VIS2
4453,0.9355323280514418,186,25,VIS2
4454,1.836056913031832,186,27,VIS2
4455,1.1267591617810335,186,29,VIS2
4456,0.5776640645360216,186,31,VIS2
4457,0.826627372989849,186,17,VIS2
4458,0.6114528121600303,186,19,VIS2
4459,0.4519946874919088,186,21,VIS2
4460,1.2374693348061467,186,24,VIS2
4461,0.9488109319450645,186,26,VIS2
4462,0.2163758150372743,186,28,VIS2
4463,0.8814650199998081,186,30,VIS2
4464,1.3905634960179492,187,02,VIS2
4465,1.0267807145393328,187,03,VIS2
4466,0.478585371230638,187,04,VIS2
4467,0.6932412670774502,187,06,VIS2
4468,0.3358828640295908,187,08,VIS2
4469,0.7716282456144088,187,09,VIS2
4470,0.45375753364511356,187,10,VIS2
4471,0.20499990625324827,187,12,VIS2
4472,0.3534131546764708,187,14,VIS2
4473,0.5890244290424158,187,15,VIS2
4474,0.04105009255297332,187,18,VIS2
4475,0.39661815395780703,187,20,VIS2
4476,0.10197300571765218,187,22,VIS2
4477,0.3084578586419699,187,25,VIS2
4478,1.1540150956277653,187,27,VIS2
4479,0.3798761299684916,187,29,VIS2
4480,0.23467813654587205,187,31,VIS2
4481,0.30576442859906044,187,17,VIS2
4482,0.5865305462774147,187,19,VIS2
4483,0.23393016818700302,187,21,VIS2
4484,0.8632960220220385,187,24,VIS2
4485,0.7851126434117529,187,26,VIS2
4486,0.0022402460134699743,187,28,VIS2
4487,0.04803307894101703,187,30,VIS2
4488,1.2397906832553363,188,02,SMN
4489,1.1980386371260157,188,03,SMN
4490,0.4911717755029072,188,04,SMN
4491,0.8623439801534724,188,06,SMN
4492,0.8082125756266606,188,08,SMN
4493,0.7447187723471629,188,09,SMN
4494,0.5674789586562671,188,10,SMN
4495,0.2621856596862405,188,12,SMN
4496,0.4026010399326238,188,14,SMN
4497,0.485027964491578,188,15,SMN
4498,0.14836437257453275,188,18,SMN
4499,0.2435362367760725,188,20,SMN
4500,0.6542208255909014,188,22,SMN
4501,0.4567310623708503,188,25,SMN
4502,0.9520412032671912,188,27,SMN
4503,0.6150377181883596,188,29,SMN
4504,0.11981784126434863,188,31,SMN
4505,0.5225022477108057,188,17,SMN
4506,0.6015727650794217,188,19,SMN
4507,0.3478101184804247,188,21,SMN
4508,1.5346842639672296,188,24,SMN
4509,0.8608605874011912,188,26,SMN
4510,0.3405199732111311,188,28,SMN
4511,0.048087675238153806,188,30,SMN
4512,0.21576722584781288,189,02,SMN
4513,0.2266404933898641,189,03,SMN
4514,0.17894146929328797,189,04,SMN
4515,0.4257139336970196,189,06,SMN
4516,0.32487048837754184,189,08,SMN
4517,0.4221604793883785,189,09,SMN
4518,0.8263844087974062,189,10,SMN
4519,0.16170998019702323,189,12,SMN
4520,0.5479545724365877,189,14,SMN
4521,0.413797387289071,189,15,SMN
4522,0.17523664844876982,189,18,SMN
4523,0.2721809749535847,189,20,SMN
4524,0.3069123910146907,189,22,SMN
4525,0.08335094102247302,189,25,SMN
4526,0.6136508107348179,189,27,SMN
4527,0.40650401060588437,189,29,SMN
4528,0.007595642691708257,189,31,SMN
4529,0.0608047891467909,189,17,SMN
4530,0.22673816249512133,189,19,SMN
4531,0.23059850708161736,189,21,SMN
4532,0.549735754382933,189,24,SMN
4533,0.04148306425426524,189,26,SMN
4534,0.1742781257346476,189,28,SMN
4535,0.029807364667997594,189,30,SMN
4536,0.8404628692288733,190,02,CON
4537,0.16500810544109112,190,03,CON
4538,0.058225861231835666,190,04,CON
4539,0.3070039769318139,190,06,CON
4540,0.1784099142780267,190,08,CON
4541,0.5918872223521437,190,09,CON
4542,0.6103209621221989,190,10,CON
4543,0.016784531252547797,190,12,CON
4544,0.42073772093063977,190,14,CON
4545,0.020367936118818965,190,15,CON
4546,0.1192421738052434,190,18,CON
4547,0.3377695946320559,190,20,CON
4548,0.2728841891473779,190,22,CON
4549,0.2334586451559764,190,25,CON
4550,1.571427332239121,190,27,CON
4551,0.38006567399503277,190,29,CON
4552,0.02857142895210847,190,31,CON
4553,0.2226720907601276,190,17,CON
4554,0.16265135271586298,190,19,CON
4555,0.05841841826994649,190,21,CON
4556,0.6165965016859986,190,24,CON
4557,0.5831032805321452,190,26,CON
4558,0.0009815273393061921,190,28,CON
4559,0.15983949294962366,190,30,CON
4560,1.254195632446021,191,02,CON
4561,0.5940609443415684,191,03,CON
4562,0.3328803816744867,191,04,CON
4563,0.22955096380490306,191,06,CON
4564,0.29419081717251716,191,08,CON
4565,0.5842534815978182,191,09,CON
4566,0.3265031234177635,191,10,CON
4567,0.2881991603600892,191,12,CON
4568,0.3715397693350665,191,14,CON
4569,0.15191408867798603,191,15,CON
4570,0.6656466509847278,191,18,CON
4571,0.0006328573507446551,191,20,CON
4572,0.4359895836691619,191,22,CON
4573,0.07347273180951988,191,25,CON
4574,0.6162642168483022,191,27,CON
4575,0.4457355992854852,191,29,CON
4576,0.3163169579174105,191,31,CON
4577,0.7007141854006791,191,17,CON
4578,0.29684198808061524,191,19,CON
4579,0.26846649634150244,191,21,CON
4580,1.2395017612065984,191,24,CON
4581,0.5490205012990325,191,26,CON
4582,0.009690371311436284,191,28,CON
4583,0.04584047253034223,191,30,CON
4584,0.4671597379196468,192,02,LAN
4585,0.45528587260608855,192,03,LAN
4586,0.260859253478285,192,04,LAN
4587,0.4018867446981927,192,06,LAN
4588,0.13757071481289357,192,08,LAN
4589,0.6098672861816599,192,09,LAN
4590,0.08817981618863065,192,10,LAN
4591,0.32207540704971915,192,12,LAN
4592,0.24268537951368604,192,14,LAN
4593,0.0008284979935514589,192,15,LAN
4594,0.21271296628632283,192,18,LAN
4595,0.02238554531224866,192,20,LAN
4596,0.619418468502783,192,22,LAN
4597,0.31072936397398193,192,25,LAN
4598,1.5814322844056947,192,27,LAN
4599,0.15472472535844214,192,29,LAN
4600,0.1844990191407294,192,31,LAN
4601,0.5874356053598189,192,17,LAN
4602,0.0294285468963407,192,19,LAN
4603,0.3199490029803372,192,21,LAN
4604,0.6953151910873717,192,24,LAN
4605,0.4314767426553243,192,26,LAN
4606,0.05645028661591077,192,28,LAN
4607,0.1142253082277175,192,30,LAN
4608,1.8901751413949395,193,02,VIS2
4609,1.0893440587267185,193,03,VIS2
4610,0.5285853978139654,193,04,VIS2
4611,0.4606856480702168,193,06,VIS2
4612,0.887657804436799,193,08,VIS2
4613,0.8303172156662476,193,09,VIS2
4614,0.9260805102803251,193,10,VIS2
4615,0.5812785800357895,193,12,VIS2
4616,0.3582987059294089,193,14,VIS2
4617,0.6320163694694482,193,15,VIS2
4618,0.7413593258842803,193,18,VIS2
4619,0.7373273188244389,193,20,VIS2
4620,0.21647711198981726,193,22,VIS2
4621,0.5949562344858893,193,25,VIS2
4622,1.2945562478562138,193,27,VIS2
4623,0.9834522594323919,193,29,VIS2
4624,0.6327251950831624,193,31,VIS2
4625,0.5631284508509989,193,17,VIS2
4626,0.6796860087705661,193,19,VIS2
4627,0.16675885022227105,193,21,VIS2
4628,0.8418200230137297,193,24,VIS2
4629,0.5551445011220865,193,26,VIS2
4630,0.5578614405306553,193,28,VIS2
4631,0.3351798759220668,193,30,VIS2
4632,0.6117939809423982,194,02,FPN
4633,0.6149888172390287,194,03,FPN
4634,0.35648919935640655,194,04,FPN
4635,0.9110349548478234,194,06,FPN
4636,0.17153981586256625,194,08,FPN
4637,0.2915282814588403,194,09,FPN
4638,0.8528836208329132,194,10,FPN
4639,0.14222853856526677,194,12,FPN
4640,0.17737449266950553,194,14,FPN
4641,0.08706065700805679,194,15,FPN
4642,0.25308719020629034,194,18,FPN
4643,0.0903244520848409,194,20,FPN
4644,0.8289644314053074,194,22,FPN
4645,0.12670151718160214,194,25,FPN
4646,0.5120587621417261,194,27,FPN
4647,0.5733019100182942,194,29,FPN
4648,0.03890534756843913,194,31,FPN
4649,0.34644054855820744,194,17,FPN
4650,0.07582774407843478,194,19,FPN
4651,0.13664601526735806,194,21,FPN
4652,0.3396193205263261,194,24,FPN
4653,0.3870564443823693,194,26,FPN
4654,0.2826603970170801,194,28,FPN
4655,0.30199878198766505,194,30,FPN
4656,0.9786986314085377,195,02,FPN
4657,0.651476635089141,195,03,FPN
4658,0.24435604466015592,195,04,FPN
4659,0.25693141927622093,195,06,FPN
4660,0.6196649633859619,195,08,FPN
4661,0.553460367986329,195,09,FPN
4662,0.5234405888972484,195,10,FPN
4663,0.005582380887260993,195,12,FPN
4664,0.45929104571011253,195,14,FPN
4665,0.3946982412885151,195,15,FPN
4666,0.9566119974990339,195,18,FPN
4667,0.02967655155716061,195,20,FPN
4668,0.6059912563561666,195,22,FPN
4669,0.22458076048085904,195,25,FPN
4670,1.103039634047151,195,27,FPN
4671,1.1652841763898536,195,29,FPN
4672,0.5452611768435026,195,31,FPN
4673,0.5324934414622671,195,17,FPN
4674,0.19408739919232149,195,19,FPN
4675,0.01627403936558511,195,21,FPN
4676,0.5201591202204477,195,24,FPN
4677,0.29951148775785114,195,26,FPN
4678,0.013077238409143049,195,28,FPN
4679,0.06410264753316287,195,30,FPN
4680,0.40672824879909913,196,02,VIS2
4681,0.4643234949173063,196,03,VIS2
4682,0.13729498448905,196,04,VIS2
4683,0.4412827943477443,196,06,VIS2
4684,0.6832555344867239,196,08,VIS2
4685,0.5419791634593539,196,09,VIS2
4686,0.47830053167256736,196,10,VIS2
4687,0.15357124330725752,196,12,VIS2
4688,0.2816339528770041,196,14,VIS2
4689,0.17911596334959778,196,15,VIS2
4690,1.0661496057136375,196,18,VIS2
4691,0.3539066573260131,196,20,VIS2
4692,0.27545846341046376,196,22,VIS2
4693,0.1084633078215206,196,25,VIS2
4694,0.6210605133445674,196,27,VIS2
4695,0.6259846641898694,196,29,VIS2
4696,0.2297881721371173,196,31,VIS2
4697,0.6439077217193392,196,17,VIS2
4698,0.33188659175042967,196,19,VIS2
4699,0.1813024894773768,196,21,VIS2
4700,0.2983995757879116,196,24,VIS2
4701,0.1913729361787364,196,26,VIS2
4702,0.10475763677295,196,28,VIS2
4703,0.014456834563614006,196,30,VIS2
4704,1.110526371181243,197,02,VIS2
4705,1.3970438283662936,197,03,VIS2
4706,0.12716055314508273,197,04,VIS2
4707,1.018989931777072,197,06,VIS2
4708,0.21824017622812525,197,08,VIS2
4709,0.5631116176033096,197,09,VIS2
4710,0.3879515532569734,197,10,VIS2
4711,0.05717600472090866,197,12,VIS2
4712,0.297309744763574,197,14,VIS2
4713,0.11327166176603526,197,15,VIS2
4714,0.4112509718211363,197,18,VIS2
4715,0.12548597736812422,197,20,VIS2
4716,0.15845483368093788,197,22,VIS2
4717,0.1098345562307447,197,25,VIS2
4718,1.0938892838547705,197,27,VIS2
4719,0.39314567848871096,197,29,VIS2
4720,0.5431695083868595,197,31,VIS2
4721,0.9607397625230417,197,17,VIS2
4722,0.3268912721006737,197,19,VIS2
4723,0.34192145465463025,197,21,VIS2
4724,0.9057769275385615,197,24,VIS2
4725,0.5730018490230275,197,26,VIS2
4726,0.2479775127379395,197,28,VIS2
4727,0.1487254163940947,197,30,VIS2
4728,0.9493719683971097,198,02,VIS2
4729,1.2325986403345304,198,03,VIS2
4730,0.906719212701906,198,04,VIS2
4731,0.8107234023271194,198,06,VIS2
4732,0.3123078448158559,198,08,VIS2
4733,0.8584968888829766,198,09,VIS2
4734,0.6823196492489843,198,10,VIS2
4735,0.15140746724569482,198,12,VIS2
4736,0.8740346569316015,198,14,VIS2
4737,0.6304462122010543,198,15,VIS2
4738,0.4420656199586462,198,18,VIS2
4739,0.4769301752610918,198,20,VIS2
4740,0.027437048906546597,198,22,VIS2
4741,0.3669179871218437,198,25,VIS2
4742,1.235354801239579,198,27,VIS2
4743,0.5862657545383892,198,29,VIS2
4744,0.45357986454128857,198,31,VIS2
4745,0.5963835397433189,198,17,VIS2
4746,0.7724964612748556,198,19,VIS2
4747,0.313313492828102,198,21,VIS2
4748,0.9849617100527598,198,24,VIS2
4749,0.734263367002003,198,26,VIS2
4750,0.062038139659032196,198,28,VIS2
4751,0.27304272188740747,198,30,VIS2
4752,0.6272451013338358,199,02,VIS2
4753,0.4933513792025791,199,03,VIS2
4754,0.17162126813505085,199,04,VIS2
4755,0.7453892886881728,199,06,VIS2
4756,0.4536407178371956,199,08,VIS2
4757,0.23108398755965748,199,09,VIS2
4758,0.47231456652765713,199,10,VIS2
4759,0.3807473909045582,199,12,VIS2
4760,0.9920365943387973,199,14,VIS2
4761,0.1786883104220781,199,15,VIS2
4762,0.0014641244663328497,199,18,VIS2
4763,0.19566156317184732,199,20,VIS2
4764,0.11321440235197233,199,22,VIS2
4765,0.0007013080550762483,199,25,VIS2
4766,0.7711198809097498,199,27,VIS2
4767,0.7170975644122427,199,29,VIS2
4768,0.6939640946940538,199,31,VIS2
4769,0.747691929373962,199,17,VIS2
4770,0.07731736866768922,199,19,VIS2
4771,0.04629646571751746,199,21,VIS2
4772,0.4385777756958611,199,24,VIS2
4773,0.04660895291972417,199,26,VIS2
4774,0.008885269208603153,199,28,VIS2
4775,0.11414832978917847,199,30,VIS2
4776,0.7975371599921379,200,02,VIS2
4777,0.41434523527653183,200,03,VIS2
4778,0.6747878040634759,200,04,VIS2
4779,0.45546305323153224,200,06,VIS2
4780,0.5442069281915629,200,08,VIS2
4781,0.6611045435720263,200,09,VIS2
4782,0.3817254795454165,200,10,VIS2
4783,0.14682858748439176,200,12,VIS2
4784,0.4038997375616971,200,14,VIS2
4785,0.3857169057564776,200,15,VIS2
4786,0.5944818148609406,200,18,VIS2
4787,0.3338254737685895,200,20,VIS2
4788,0.16557907116231285,200,22,VIS2
4789,0.4359331252303115,200,25,VIS2
4790,0.8249338204517546,200,27,VIS2
4791,1.1155651443993695,200,29,VIS2
4792,0.09545768682866898,200,31,VIS2
4793,0.43397686969055205,200,17,VIS2
4794,0.2714080148020576,200,19,VIS2
4795,0.16928955055658412,200,21,VIS2
4796,0.45989238990042686,200,24,VIS2
4797,0.28457052719925424,200,26,VIS2
4798,0.03453042934072675,200,28,VIS2
4799,0.11427405329902084,200,30,VIS2
4800,0.7602071965614996,201,02,VIS2
4801,0.3528290364756254,201,03,VIS2
4802,0.4688328669221974,201,04,VIS2
4803,0.49743222828937983,201,06,VIS2
4804,0.2728499383520421,201,08,VIS2
4805,0.7218150236709728,201,09,VIS2
4806,0.3509024779956664,201,10,VIS2
4807,0.3740706028171119,201,12,VIS2
4808,0.22817643165077436,201,14,VIS2
4809,0.7954931843025944,201,15,VIS2
4810,0.6672051774235012,201,18,VIS2
4811,0.36566042213291866,201,20,VIS2
4812,0.09147533130435,201,22,VIS2
4813,0.26766610225768167,201,25,VIS2
4814,1.2879223781324358,201,27,VIS2
4815,0.21624013211657206,201,29,VIS2
4816,0.13046404393950303,201,31,VIS2
4817,0.5637970165382639,201,17,VIS2
4818,0.2662099814019468,201,19,VIS2
4819,0.18985884137350434,201,21,VIS2
4820,0.287617392472302,201,24,VIS2
4821,0.6662699762578196,201,26,VIS2
4822,0.08435584479602289,201,28,VIS2
4823,0.46866263457839397,201,30,VIS2
4824,0.6787281697055059,202,02,VIS2
4825,0.9665438459008406,202,03,VIS2
4826,0.6222478299686743,202,04,VIS2
4827,0.713701823731436,202,06,VIS2
4828,0.6233660889695842,202,08,VIS2
4829,0.6517593662428052,202,09,VIS2
4830,0.32316461801532087,202,10,VIS2
4831,0.3683616459459539,202,12,VIS2
4832,0.7696182774021022,202,14,VIS2
4833,0.7193424386211049,202,15,VIS2
4834,0.4860242576771734,202,18,VIS2
4835,0.2842714458058114,202,20,VIS2
4836,0.18059928428776445,202,22,VIS2
4837,0.3859474197992532,202,25,VIS2
4838,1.3309426416778867,202,27,VIS2
4839,0.17815417407539344,202,29,VIS2
4840,0.3137402838565285,202,31,VIS2
4841,0.7005153674099521,202,17,VIS2
4842,0.5459773381582151,202,19,VIS2
4843,0.215847663108161,202,21,VIS2
4844,0.7713588960649754,202,24,VIS2
4845,0.35317787362101216,202,26,VIS2
4846,0.005643626847275946,202,28,VIS2
4847,0.43785407952909416,202,30,VIS2
4848,0.651867519358448,203,02,VIS2
4849,0.12856908993126173,203,03,VIS2
4850,0.15800794938628873,203,04,VIS2
4851,0.2697150466937602,203,06,VIS2
4852,0.17144670491707126,203,08,VIS2
4853,0.3280655889154008,203,09,VIS2
4854,0.6291536271451504,203,10,VIS2
4855,0.07761083034082664,203,12,VIS2
4856,0.6833998734391582,203,14,VIS2
4857,0.11520268522443507,203,15,VIS2
4858,0.42048517716114037,203,18,VIS2
4859,0.16545895930506604,203,20,VIS2
4860,0.4148721560271931,203,22,VIS2
4861,0.29469290960076017,203,25,VIS2
4862,1.0880626815005772,203,27,VIS2
4863,0.2582404518419637,203,29,VIS2
4864,0.24854647743555566,203,31,VIS2
4865,0.6261315933078905,203,17,VIS2
4866,0.16517654827556763,203,19,VIS2
4867,0.33527057161730667,203,21,VIS2
4868,0.5375964366049519,203,24,VIS2
4869,0.007641344627478794,203,26,VIS2
4870,0.12856779216282244,203,28,VIS2
4871,0.04764148246599884,203,30,VIS2
4872,0.24978244839778124,204,02,AUD
4873,0.12758027676309844,204,03,AUD
4874,0.02547650731474591,204,04,AUD
4875,0.21581064199630018,204,06,AUD
4876,0.06301255228191083,204,08,AUD
4877,0.011349723465747523,204,09,AUD
4878,0.10695794458563522,204,10,AUD
4879,0.04821308911175895,204,12,AUD
4880,0.14759548830484098,204,14,AUD
4881,0.5469722989526792,204,15,AUD
4882,0.24887940669039726,204,18,AUD
4883,0.267917441937939,204,20,AUD
4884,0.0023566075661974038,204,22,AUD
4885,0.36086472643273043,204,25,AUD
4886,0.6926900032159532,204,27,AUD
4887,0.09550207293298814,204,29,AUD
4888,0.0064467149030865605,204,31,AUD
4889,0.10420150680267898,204,17,AUD
4890,0.196783705959706,204,19,AUD
4891,2.329539369704375e-06,204,21,AUD
4892,0.1926596215304045,204,24,AUD
4893,0.1660326398142075,204,26,AUD
4894,0.24265685367666662,204,28,AUD
4895,0.005800060158929733,204,30,AUD
4896,0.2560652444467297,205,02,CON
4897,0.23661302836049386,205,03,CON
4898,0.20604177119188075,205,04,CON
4899,0.8458717285468331,205,06,CON
4900,0.08057310713335392,205,08,CON
4901,0.2785040500058487,205,09,CON
4902,0.2514647377884822,205,10,CON
4903,0.06651902625072591,205,12,CON
4904,0.6508465646581743,205,14,CON
4905,0.12725551370624652,205,15,CON
4906,0.3347271951939401,205,18,CON
4907,0.4113927283084404,205,20,CON
4908,0.3910612823747741,205,22,CON
4909,0.1622636999272665,205,25,CON
4910,1.0826858612464534,205,27,CON
4911,0.03667176226867244,205,29,CON
4912,0.21950356158296006,205,31,CON
4913,0.17092911211970396,205,17,CON
4914,0.48345999231681513,205,19,CON
4915,0.04030911423540553,205,21,CON
4916,0.7198927598390767,205,24,CON
4917,0.2660126685324231,205,26,CON
4918,0.11487343752832468,205,28,CON
4919,0.08102598069450681,205,30,CON
4920,0.8114488401798887,206,02,LAN
4921,0.4946281334154188,206,03,LAN
4922,0.06393415659509978,206,04,LAN
4923,0.22434261825024113,206,06,LAN
4924,0.3932398487678008,206,08,LAN
4925,0.26591274484557775,206,09,LAN
4926,0.4113325531026455,206,10,LAN
4927,0.08695907261106205,206,12,LAN
4928,0.5724795989282063,206,14,LAN
4929,0.242448236547952,206,15,LAN
4930,0.17244402898651323,206,18,LAN
4931,0.6016999840554971,206,20,LAN
4932,0.12710133641990523,206,22,LAN
4933,0.5170740291383782,206,25,LAN
4934,0.8008686737006415,206,27,LAN
4935,0.4961778160286349,206,29,LAN
4936,0.37807889198301964,206,31,LAN
4937,0.5082836072764756,206,17,LAN
4938,0.30200749822476597,206,19,LAN
4939,0.11070784598701788,206,21,LAN
4940,0.727622029193203,206,24,LAN
4941,0.15297526748965196,206,26,LAN
4942,0.10527991256640708,206,28,LAN
4943,0.2376999401570147,206,30,LAN
4944,0.4311833494618414,207,02,PMULTI
4945,0.9489025185515007,207,03,PMULTI
4946,0.3350224122317286,207,04,PMULTI
4947,0.44798697711856184,207,06,PMULTI
4948,0.023286291063133988,207,08,PMULTI
4949,0.3554142862444135,207,09,PMULTI
4950,1.0000409913843495,207,10,PMULTI
4951,0.13739648505800187,207,12,PMULTI
4952,0.3909658043207501,207,14,PMULTI
4953,0.15469844031076632,207,15,PMULTI
4954,0.18442792723486176,207,18,PMULTI
4955,0.6856987529646883,207,20,PMULTI
4956,0.12687099910017913,207,22,PMULTI
4957,0.212719245888526,207,25,PMULTI
4958,0.8042690262710893,207,27,PMULTI
4959,0.8669530031678995,207,29,PMULTI
4960,0.6369521513008726,207,31,PMULTI
4961,0.7583450868723345,207,17,PMULTI
4962,0.49888064097754464,207,19,PMULTI
4963,0.01340129964126243,207,21,PMULTI
4964,1.0928902235765017,207,24,PMULTI
4965,0.08382982014774361,207,26,PMULTI
4966,0.02624479061880945,207,28,PMULTI
4967,0.24591590903136915,207,30,PMULTI
4968,0.3246621618060541,208,02,PMULTI
4969,0.42007057351686844,208,03,PMULTI
4970,0.11293422753199758,208,04,PMULTI
4971,0.7187699238716123,208,06,PMULTI
4972,0.03905080409693802,208,08,PMULTI
4973,0.3061684819436754,208,09,PMULTI
4974,0.012733429177168592,208,10,PMULTI
4975,0.04921151136228993,208,12,PMULTI
4976,0.491738370063724,208,14,PMULTI
4977,0.2663686792167541,208,15,PMULTI
4978,0.29970934190436593,208,18,PMULTI
4979,0.25937230703086217,208,20,PMULTI
4980,0.02881776271623936,208,22,PMULTI
4981,0.032633306296490916,208,25,PMULTI
4982,0.5309272143187389,208,27,PMULTI
4983,0.13569935114598236,208,29,PMULTI
4984,0.1408758766913248,208,31,PMULTI
4985,0.25363809856483016,208,17,PMULTI
4986,0.21884056835446297,208,19,PMULTI
4987,0.13929140823974717,208,21,PMULTI
4988,0.27522892664030807,208,24,PMULTI
4989,0.09640640770232413,208,26,PMULTI
4990,0.09325434766857264,208,28,PMULTI
4991,0.02990834878495181,208,30,PMULTI
4992,0.08434686639887495,209,02,FPN
4993,0.6328468054701134,209,03,FPN
4994,0.08379801115485204,209,04,FPN
4995,0.17262468348496812,209,06,FPN
4996,0.17479958292235534,209,08,FPN
4997,0.3404615599304172,209,09,FPN
4998,0.48999635734870545,209,10,FPN
4999,6.002273023574423e-05,209,12,FPN
5000,0.15043362302705565,209,14,FPN
5001,0.5968390746239959,209,15,FPN
5002,0.48074021847355797,209,18,FPN
5003,0.26680410610484817,209,20,FPN
5004,0.13139536440499125,209,22,FPN
5005,0.15521269789325737,209,25,FPN
5006,0.6233675635478989,209,27,FPN
5007,0.814460853219435,209,29,FPN
5008,0.015913910321731332,209,31,FPN
5009,0.06781588238978117,209,17,FPN
5010,0.360676713256484,209,19,FPN
5011,0.13214652840159158,209,21,FPN
5012,0.24790473675600588,209,24,FPN
5013,0.09944452651449681,209,26,FPN
5014,0.3586684204912396,209,28,FPN
5015,0.10749010011418292,209,30,FPN
5016,0.27792062763361164,210,02,DMN
5017,0.8696631695577873,210,03,DMN
5018,0.1011031960203553,210,04,DMN
5019,0.3967381717503745,210,06,DMN
5020,0.09262001931497124,210,08,DMN
5021,0.444010638735962,210,09,DMN
5022,0.7379653874647446,210,10,DMN
5023,0.17568228330122565,210,12,DMN
5024,0.7222615399522044,210,14,DMN
5025,0.2937678970232397,210,15,DMN
5026,0.2817364474336973,210,18,DMN
5027,0.159555012537121,210,20,DMN
5028,0.2698870969167567,210,22,DMN
5029,0.28649251066135145,210,25,DMN
5030,1.3852030307653576,210,27,DMN
5031,0.9208933671891726,210,29,DMN
5032,0.20068043884145564,210,31,DMN
5033,0.2771434619599698,210,17,DMN
5034,0.36341850039004375,210,19,DMN
5035,0.11541740978163022,210,21,DMN
5036,0.3772236902647905,210,24,DMN
5037,0.21383787697045828,210,26,DMN
5038,0.030096835985507334,210,28,DMN
5039,0.02483641032138066,210,30,DMN
5040,0.8771389012027563,211,02,DMN
5041,0.6289713423018706,211,03,DMN
5042,0.2508152314121714,211,04,DMN
5043,0.48516291972763603,211,06,DMN
5044,0.10801332131475469,211,08,DMN
5045,0.0754463044671027,211,09,DMN
5046,0.6066072152117875,211,10,DMN
5047,0.03184455766804611,211,12,DMN
5048,0.1409249662343445,211,14,DMN
5049,0.4594527195059806,211,15,DMN
5050,0.2419335092710963,211,18,DMN
5051,0.04212326744549686,211,20,DMN
5052,0.6268340929711348,211,22,DMN
5053,0.03913541550093757,211,25,DMN
5054,0.6858051158789455,211,27,DMN
5055,0.6917443346458301,211,29,DMN
5056,0.32221849606223035,211,31,DMN
5057,0.3952889235533822,211,17,DMN
5058,0.041498512601259856,211,19,DMN
5059,0.04726518789676694,211,21,DMN
5060,0.44684971343610996,211,24,DMN
5061,0.3340119482111696,211,26,DMN
5062,0.00045800632253973906,211,28,DMN
5063,0.17128284973778993,211,30,DMN
5064,0.13942315760202076,212,02,DMN
5065,0.37771826334139985,212,03,DMN
5066,0.011779427507028916,212,04,DMN
5067,0.010998185645487829,212,06,DMN
5068,0.1232162488297474,212,08,DMN
5069,0.21836723621534176,212,09,DMN
5070,0.25379362311832937,212,10,DMN
5071,0.03955976992346965,212,12,DMN
5072,0.08917980627905907,212,14,DMN
5073,0.007289300093943919,212,15,DMN
5074,0.0067231926777468545,212,18,DMN
5075,0.18159001860255386,212,20,DMN
5076,0.2999385030363521,212,22,DMN
5077,0.3642113687869201,212,25,DMN
5078,0.23885060137348663,212,27,DMN
5079,0.3968725630406093,212,29,DMN
5080,0.00426213727436254,212,31,DMN
5081,0.2093031313789303,212,17,DMN
5082,1.9960467819184353e-05,212,19,DMN
5083,0.5423889681612745,212,21,DMN
5084,0.06905227436112527,212,24,DMN
5085,0.30177010179713065,212,26,DMN
5086,0.2357800279852566,212,28,DMN
5087,0.17876781133803932,212,30,DMN
5088,0.438711979228142,213,02,DMN
5089,0.26218988702878243,213,03,DMN
5090,0.2618199546437877,213,04,DMN
5091,0.11907602945708926,213,06,DMN
5092,0.018168693924964143,213,08,DMN
5093,0.37381446873439306,213,09,DMN
5094,0.41278757624262113,213,10,DMN
5095,0.21160702513541077,213,12,DMN
5096,0.35228581352078464,213,14,DMN
5097,0.04734857744817548,213,15,DMN
5098,0.13826810547773663,213,18,DMN
5099,0.06966616106075847,213,20,DMN
5100,0.4497241267826662,213,22,DMN
5101,0.001558625267757519,213,25,DMN
5102,0.37968227337693083,213,27,DMN
5103,0.5905711386542243,213,29,DMN
5104,0.6181741785791863,213,31,DMN
5105,0.24890022174604076,213,17,DMN
5106,0.0854672480869788,213,19,DMN
5107,0.16048336946785507,213,21,DMN
5108,0.17743981100335715,213,24,DMN
5109,0.09475310416725378,213,26,DMN
5110,0.007706029853715768,213,28,DMN
5111,0.038258249299697934,213,30,DMN
5112,0.377341223370902,214,02,DMN
5113,0.7070126842906553,214,03,DMN
5114,0.1485654752981997,214,04,DMN
5115,0.08457372236773714,214,06,DMN
5116,0.19351342488227535,214,08,DMN
5117,0.35368094541995165,214,09,DMN
5118,0.37611424285920236,214,10,DMN
5119,0.023436249272030637,214,12,DMN
5120,0.24069727738034538,214,14,DMN
5121,0.03091214623440003,214,15,DMN
5122,0.15171389205151745,214,18,DMN
5123,0.041596961249587734,214,20,DMN
5124,0.1288489208648827,214,22,DMN
5125,0.012864550184756515,214,25,DMN
5126,0.5608457797079939,214,27,DMN
5127,0.5672558024134448,214,29,DMN
5128,0.022954545750979324,214,31,DMN
5129,0.798773183005453,214,17,DMN
5130,0.1560827940648367,214,19,DMN
5131,0.05058757054405826,214,21,DMN
5132,0.2392977029716842,214,24,DMN
5133,0.12696161806284545,214,26,DMN
5134,0.35011612593584446,214,28,DMN
5135,0.20155799218436257,214,30,DMN
5136,1.3208970011247103,215,02,DMN
5137,1.201349287968461,215,03,DMN
5138,0.12326189047878011,215,04,DMN
5139,0.4891604743725965,215,06,DMN
5140,0.21326248588185645,215,08,DMN
5141,0.4180221247739058,215,09,DMN
5142,0.21024241351132814,215,10,DMN
5143,0.07125355794202778,215,12,DMN
5144,0.25008262524920827,215,14,DMN
5145,0.2665271414025433,215,15,DMN
5146,0.1839417533376985,215,18,DMN
5147,0.2526855942064314,215,20,DMN
5148,0.2677161468636678,215,22,DMN
5149,0.21644943268435302,215,25,DMN
5150,1.6589313550633493,215,27,DMN
5151,0.6528130989045822,215,29,DMN
5152,0.014736030768494824,215,31,DMN
5153,0.8337286435223189,215,17,DMN
5154,0.16750454429762462,215,19,DMN
5155,0.11614753968689863,215,21,DMN
5156,0.7380224742380895,215,24,DMN
5157,0.2894966920347795,215,26,DMN
5158,0.07802288138653558,215,28,DMN
5159,0.1661714980104426,215,30,DMN
5160,0.5844323364963089,216,02,SMN
5161,0.7267175433592191,216,03,SMN
5162,0.23012303867308176,216,04,SMN
5163,0.265585769508503,216,06,SMN
5164,0.1358735418589654,216,08,SMN
5165,0.19150793461285118,216,09,SMN
5166,0.1461984361999619,216,10,SMN
5167,0.12685921690694565,216,12,SMN
5168,0.027944545609257933,216,14,SMN
5169,0.08181802715365076,216,15,SMN
5170,0.23307489411847376,216,18,SMN
5171,0.17341070533315012,216,20,SMN
5172,0.245100542672643,216,22,SMN
5173,0.20849604303826327,216,25,SMN
5174,0.4550895931853986,216,27,SMN
5175,0.7936866600637904,216,29,SMN
5176,0.06390798716212122,216,31,SMN
5177,0.3627818464195379,216,17,SMN
5178,0.024186478468795125,216,19,SMN
5179,0.07475617733563496,216,21,SMN
5180,0.495210703780795,216,24,SMN
5181,0.18686883823099104,216,26,SMN
5182,0.2601292412915101,216,28,SMN
5183,0.2962238977634764,216,30,SMN
5184,0.20474149709620945,217,02,CON
5185,0.04923063673311208,217,03,CON
5186,0.2492201006126947,217,04,CON
5187,0.26730883939195293,217,06,CON
5188,0.004129769885525766,217,08,CON
5189,0.24139259733708934,217,09,CON
5190,0.2532409859052403,217,10,CON
5191,0.002236205218273708,217,12,CON
5192,0.04325534216074931,217,14,CON
5193,8.062108209567466e-06,217,15,CON
5194,0.08014612572208495,217,18,CON
5195,0.32657085558989424,217,20,CON
5196,0.10186683685088321,217,22,CON
5197,0.2966429084248903,217,25,CON
5198,0.32867168250357087,217,27,CON
5199,0.3292524751170423,217,29,CON
5200,0.05816836850561333,217,31,CON
5201,0.06970272664562052,217,17,CON
5202,5.5995387766284145e-05,217,19,CON
5203,0.4206885981765758,217,21,CON
5204,0.24089485533910493,217,24,CON
5205,0.15803268812132137,217,26,CON
5206,0.03193526423955731,217,28,CON
5207,0.4124883084141773,217,30,CON
5208,0.5099616605822123,218,02,CON
5209,0.48450034360938476,218,03,CON
5210,0.13922760594073139,218,04,CON
5211,0.19737635035717402,218,06,CON
5212,0.024090758087654263,218,08,CON
5213,0.1343236813982639,218,09,CON
5214,0.5705931508163936,218,10,CON
5215,0.23746859509931711,218,12,CON
5216,0.5225913658023785,218,14,CON
5217,0.0076015630145264135,218,15,CON
5218,0.011234888125740599,218,18,CON
5219,0.23809359874912436,218,20,CON
5220,0.6275345415841438,218,22,CON
5221,0.19368288615535317,218,25,CON
5222,0.1132743177710886,218,27,CON
5223,0.3963050556428798,218,29,CON
5224,0.00032910318916912234,218,31,CON
5225,0.19208844497003552,218,17,CON
5226,0.2825746844992531,218,19,CON
5227,0.4689007741872128,218,21,CON
5228,0.09983984996478786,218,24,CON
5229,0.2298383792196221,218,26,CON
5230,0.15441023686886596,218,28,CON
5231,0.3817149524468454,218,30,CON
5232,0.8237702478024937,219,02,SMN
5233,1.0571994934182167,219,03,SMN
5234,0.1338394607150001,219,04,SMN
5235,0.5934280929098714,219,06,SMN
5236,0.8120358736405371,219,08,SMN
5237,0.7062870069498935,219,09,SMN
5238,1.1404648472631087,219,10,SMN
5239,0.7512174531353976,219,12,SMN
5240,0.5692113349963099,219,14,SMN
5241,0.20158415230793064,219,15,SMN
5242,0.4248783508763458,219,18,SMN
5243,0.2125783212885996,219,20,SMN
5244,0.7603505096859988,219,22,SMN
5245,0.39932555517564133,219,25,SMN
5246,1.8062430107302492,219,27,SMN
5247,1.0819445988848482,219,29,SMN
5248,0.001672853506954114,219,31,SMN
5249,0.19118704293605168,219,17,SMN
5250,0.5249958926950149,219,19,SMN
5251,0.14710313985190543,219,21,SMN
5252,0.8034689457647413,219,24,SMN
5253,0.5280896065870716,219,26,SMN
5254,0.3161782700653338,219,28,SMN
5255,0.673285892712412,219,30,SMN
5256,0.5717961931171023,220,02,SMN
5257,0.6257654775557114,220,03,SMN
5258,0.09794773991968499,220,04,SMN
5259,0.41719313902449584,220,06,SMN
5260,0.1056655691610047,220,08,SMN
5261,0.6138109569869256,220,09,SMN
5262,0.42378530006692205,220,10,SMN
5263,0.09800621867143729,220,12,SMN
5264,0.5396018237689997,220,14,SMN
5265,0.007814218082349904,220,15,SMN
5266,0.2733645028654677,220,18,SMN
5267,0.30694373198753394,220,20,SMN
5268,0.05606955617665564,220,22,SMN
5269,0.5192576005079637,220,25,SMN
5270,0.42199737063366577,220,27,SMN
5271,0.30544746076408985,220,29,SMN
5272,0.0563412893984446,220,31,SMN
5273,0.47805465796269786,220,17,SMN
5274,0.10965522360041861,220,19,SMN
5275,0.2623667008488849,220,21,SMN
5276,0.5285086708881294,220,24,SMN
5277,0.6325975482236588,220,26,SMN
5278,0.23620830038755708,220,28,SMN
5279,0.015348031174742684,220,30,SMN
5280,0.53474064919619,221,02,SMN
5281,0.4317715020784074,221,03,SMN
5282,0.2535978161558812,221,04,SMN
5283,0.8247031426936433,221,06,SMN
5284,0.18225957758955438,221,08,SMN
5285,0.6581764967606604,221,09,SMN
5286,0.13845457065655922,221,10,SMN
5287,0.2959948878048994,221,12,SMN
5288,0.1752055757099063,221,14,SMN
5289,0.047097910077122405,221,15,SMN
5290,0.09565750981146717,221,18,SMN
5291,0.39097083727325876,221,20,SMN
5292,0.5463482806483435,221,22,SMN
5293,0.3841588931899844,221,25,SMN
5294,0.5725709279314757,221,27,SMN
5295,0.2737282545487572,221,29,SMN
5296,0.2550249370143581,221,31,SMN
5297,0.6352615713534854,221,17,SMN
5298,0.2198521192401993,221,19,SMN
5299,0.0036759350899483578,221,21,SMN
5300,1.6254989843226013,221,24,SMN
5301,0.07879880317405294,221,26,SMN
5302,0.10254107945706424,221,28,SMN
5303,0.00842341786347659,221,30,SMN
5304,0.8031159237341885,222,02,SMN
5305,1.2422273852325287,222,03,SMN
5306,0.06531042120602419,222,04,SMN
5307,0.3620675911812466,222,06,SMN
5308,0.9264749930549775,222,08,SMN
5309,1.0124511840951993,222,09,SMN
5310,0.6287998462769679,222,10,SMN
5311,0.28795202727008046,222,12,SMN
5312,0.07173997563152461,222,14,SMN
5313,0.4102397287920084,222,15,SMN
5314,0.25899256959325656,222,18,SMN
5315,1.1167121519568026,222,20,SMN
5316,0.1685784610117635,222,22,SMN
5317,0.5372059429312005,222,25,SMN
5318,1.410188297116676,222,27,SMN
5319,1.7552099214357932,222,29,SMN
5320,0.15906485519326186,222,31,SMN
5321,0.8008664923441072,222,17,SMN
5322,0.31432969345121053,222,19,SMN
5323,0.3915485056059752,222,21,SMN
5324,0.9588974713382021,222,24,SMN
5325,0.44438468134482345,222,26,SMN
5326,0.5874641920405019,222,28,SMN
5327,0.05426051682364965,222,30,SMN
5328,0.3902037068951689,223,02,CON
5329,0.6222532102855857,223,03,CON
5330,0.030085742219576817,223,04,CON
5331,0.9378300089917092,223,06,CON
5332,0.363840609253874,223,08,CON
5333,0.41073389466854116,223,09,CON
5334,0.8327948833003138,223,10,CON
5335,0.5165726444325192,223,12,CON
5336,0.3028318289871783,223,14,CON
5337,0.020979785348983686,223,15,CON
5338,0.4709815786805844,223,18,CON
5339,0.5331647726489187,223,20,CON
5340,0.06361508809885569,223,22,CON
5341,0.24108226872087266,223,25,CON
5342,1.4603004215963564,223,27,CON
5343,0.7509744454739508,223,29,CON
5344,0.764033713852974,223,31,CON
5345,0.6615481999733126,223,17,CON
5346,0.8018942642336662,223,19,CON
5347,0.18203186333333346,223,21,CON
5348,1.026223595461876,223,24,CON
5349,0.9413125004452781,223,26,CON
5350,0.44549215897574046,223,28,CON
5351,0.0464299804289559,223,30,CON
5352,1.311360278367609,224,02,CON
5353,0.2976444821107315,224,03,CON
5354,0.24507742062942217,224,04,CON
5355,0.3526990330544808,224,06,CON
5356,0.2692767496999431,224,08,CON
5357,0.6390260959556797,224,09,CON
5358,0.4309582364348721,224,10,CON
5359,0.21276128363572508,224,12,CON
5360,0.43011457555919186,224,14,CON
5361,0.08377759332915678,224,15,CON
5362,0.4149122014821522,224,18,CON
5363,0.19978758672116106,224,20,CON
5364,0.5427021619020928,224,22,CON
5365,0.33910303147526155,224,25,CON
5366,0.8537521569227988,224,27,CON
5367,0.8619091048575751,224,29,CON
5368,0.04225821348846314,224,31,CON
5369,0.4583723692371023,224,17,CON
5370,0.13305248284200757,224,19,CON
5371,0.04510143805796479,224,21,CON
5372,0.7118344182402248,224,24,CON
5373,0.4036122557149438,224,26,CON
5374,0.0014355827423740432,224,28,CON
5375,0.07046976420056304,224,30,CON
5376,0.7396310367823643,225,02,CON
5377,0.6957336876607036,225,03,CON
5378,0.13873275362947643,225,04,CON
5379,0.20303572409936418,225,06,CON
5380,0.5498664150395837,225,08,CON
5381,0.5320863227434519,225,09,CON
5382,0.9223382173691547,225,10,CON
5383,0.5162485244423911,225,12,CON
5384,0.2825375601229813,225,14,CON
5385,0.5103204535444319,225,15,CON
5386,0.10824907612928915,225,18,CON
5387,0.49437206311744974,225,20,CON
5388,0.08011567925147405,225,22,CON
5389,0.36563390653024164,225,25,CON
5390,1.2398102465663605,225,27,CON
5391,1.1266994951626623,225,29,CON
5392,0.2442502224869187,225,31,CON
5393,0.35872566207808027,225,17,CON
5394,0.25696559192991675,225,19,CON
5395,0.17301226385211824,225,21,CON
5396,1.252749328691847,225,24,CON
5397,0.3599163185040001,225,26,CON
5398,0.20806372217867963,225,28,CON
5399,0.45624668615092134,225,30,CON
5400,0.27769742131590536,226,02,DAN
5401,0.185445618653113,226,03,DAN
5402,0.00016272843209300756,226,04,DAN
5403,0.006557580021628994,226,06,DAN
5404,0.2673519954724601,226,08,DAN
5405,0.37892175923327154,226,09,DAN
5406,0.18089291997960547,226,10,DAN
5407,0.040607606486015836,226,12,DAN
5408,6.449713031122912e-05,226,14,DAN
5409,0.0031016550139990598,226,15,DAN
5410,0.025305967214613513,226,18,DAN
5411,0.06724404618184697,226,20,DAN
5412,0.0030495657601318634,226,22,DAN
5413,0.0025776674633381986,226,25,DAN
5414,0.00036421988751459474,226,27,DAN
5415,0.6346273585463624,226,29,DAN
5416,0.028321641048362982,226,31,DAN
5417,0.23132025733212697,226,17,DAN
5418,0.006593403833601203,226,19,DAN
5419,0.0822456695041792,226,21,DAN
5420,0.1958892298224076,226,24,DAN
5421,0.02085143511337112,226,26,DAN
5422,0.0035247075126325707,226,28,DAN
5423,0.12106431607163827,226,30,DAN
5424,0.96322522853502,227,02,SMN
5425,0.4713105172094982,227,03,SMN
5426,0.3266078006846213,227,04,SMN
5427,0.36870493215671557,227,06,SMN
5428,0.4566155853485585,227,08,SMN
5429,0.7107949561736567,227,09,SMN
5430,0.7008091046270488,227,10,SMN
5431,0.4771466345085833,227,12,SMN
5432,0.05105868023278112,227,14,SMN
5433,0.04694647489864934,227,15,SMN
5434,0.49284642340523316,227,18,SMN
5435,0.22036010657531221,227,20,SMN
5436,0.057509060262554104,227,22,SMN
5437,0.20664886471948699,227,25,SMN
5438,0.7233972236414178,227,27,SMN
5439,0.6738753114126608,227,29,SMN
5440,0.1316811233722804,227,31,SMN
5441,0.15934688275297015,227,17,SMN
5442,0.2586769781490219,227,19,SMN
5443,0.6172882037328329,227,21,SMN
5444,0.34297645814253297,227,24,SMN
5445,0.6032132343945527,227,26,SMN
5446,0.10738534788981818,227,28,SMN
5447,0.1155351370849158,227,30,SMN
5448,0.5792259816384917,228,02,VIS2
5449,0.35014833670037804,228,03,VIS2
5450,0.13010542431532182,228,04,VIS2
5451,0.366228251715601,228,06,VIS2
5452,0.9338288552620279,228,08,VIS2
5453,0.6474064568864416,228,09,VIS2
5454,0.6536968042786779,228,10,VIS2
5455,0.9001507631350751,228,12,VIS2
5456,0.2190036596965637,228,14,VIS2
5457,0.17834248364448035,228,15,VIS2
5458,0.5812095529691478,228,18,VIS2
5459,0.1670974258896714,228,20,VIS2
5460,0.1714913433060773,228,22,VIS2
5461,0.18015716087276806,228,25,VIS2
5462,0.9834869896969821,228,27,VIS2
5463,0.7340788360969779,228,29,VIS2
5464,0.2665804001737374,228,31,VIS2
5465,0.7357093753693963,228,17,VIS2
5466,0.4353881012952313,228,19,VIS2
5467,0.5640995896117507,228,21,VIS2
5468,0.5683330053553706,228,24,VIS2
5469,0.6051990759997091,228,26,VIS2
5470,0.23848531032459988,228,28,VIS2
5471,0.17922623076182495,228,30,VIS2
5472,0.43467962018462464,229,02,VIS2
5473,0.8090153023640488,229,03,VIS2
5474,0.2933623565812187,229,04,VIS2
5475,0.5002936713185364,229,06,VIS2
5476,0.8547014814997688,229,08,VIS2
5477,0.5672272765279479,229,09,VIS2
5478,0.7419228160911496,229,10,VIS2
5479,0.04798771762875441,229,12,VIS2
5480,0.2510711795923178,229,14,VIS2
5481,0.2837420406692968,229,15,VIS2
5482,0.06277876102512386,229,18,VIS2
5483,0.2621092327232469,229,20,VIS2
5484,0.5173331716552826,229,22,VIS2
5485,0.46661764856267257,229,25,VIS2
5486,0.8856999938116388,229,27,VIS2
5487,0.9958777045621279,229,29,VIS2
5488,0.24325141761411664,229,31,VIS2
5489,0.638950911556663,229,17,VIS2
5490,0.31593600381713854,229,19,VIS2
5491,0.3845932269107021,229,21,VIS2
5492,0.9216767581702225,229,24,VIS2
5493,0.7354738328112178,229,26,VIS2
5494,0.19896856590192977,229,28,VIS2
5495,0.4654137499231713,229,30,VIS2
5496,1.3475534074579678,230,02,DAN
5497,0.7350726909576982,230,03,DAN
5498,0.12261736080161813,230,04,DAN
5499,0.35039124031432123,230,06,DAN
5500,0.6884223709490215,230,08,DAN
5501,0.6341534006039288,230,09,DAN
5502,0.47322147787804997,230,10,DAN
5503,0.35617630369893655,230,12,DAN
5504,0.2693133496467138,230,14,DAN
5505,0.5944577014426792,230,15,DAN
5506,0.1121404781979707,230,18,DAN
5507,0.050403774435810456,230,20,DAN
5508,0.3952072829879132,230,22,DAN
5509,0.10328144117576867,230,25,DAN
5510,1.0459094899947399,230,27,DAN
5511,0.6588253831892966,230,29,DAN
5512,0.2796813052053294,230,31,DAN
5513,0.9794190599231085,230,17,DAN
5514,0.5443423365652067,230,19,DAN
5515,0.6054163261622153,230,21,DAN
5516,1.1101343852689864,230,24,DAN
5517,0.7094061352689633,230,26,DAN
5518,0.35971963803337575,230,28,DAN
5519,0.3593665348418816,230,30,DAN
5520,0.4100957593672671,231,02,SMN
5521,0.5993737797136357,231,03,SMN
5522,0.31926912639583627,231,04,SMN
5523,0.624984356384095,231,06,SMN
5524,0.7631704334610115,231,08,SMN
5525,0.6091390961888135,231,09,SMN
5526,1.0330176596028664,231,10,SMN
5527,0.04284047487005198,231,12,SMN
5528,0.5021334578846438,231,14,SMN
5529,0.62256713020132,231,15,SMN
5530,0.16513377815032837,231,18,SMN
5531,0.29473691925672885,231,20,SMN
5532,0.08125542908858985,231,22,SMN
5533,0.06877124189604925,231,25,SMN
5534,0.7675062519520152,231,27,SMN
5535,0.37286185494771207,231,29,SMN
5536,0.12555938914854134,231,31,SMN
5537,0.2376990625832134,231,17,SMN
5538,0.4463101030838748,231,19,SMN
5539,0.16381326315738504,231,21,SMN
5540,0.8497148960413107,231,24,SMN
5541,0.15754481988341865,231,26,SMN
5542,0.1997951957299431,231,28,SMN
5543,0.07546712885617782,231,30,SMN
5544,0.9383344800044122,232,02,SMN
5545,1.3337996875480573,232,03,SMN
5546,0.7042001116376713,232,04,SMN
5547,0.5432760577870945,232,06,SMN
5548,0.9284445918254978,232,08,SMN
5549,0.8687973234073101,232,09,SMN
5550,0.5109699233123736,232,10,SMN
5551,0.7209594390478485,232,12,SMN
5552,0.48680596599664994,232,14,SMN
5553,0.5706521325064978,232,15,SMN
5554,0.1569081850385139,232,18,SMN
5555,0.3515658035754627,232,20,SMN
5556,0.5529407248215308,232,22,SMN
5557,0.0476505571013432,232,25,SMN
5558,1.3281777897577054,232,27,SMN
5559,0.6312260858038181,232,29,SMN
5560,0.35125113670426783,232,31,SMN
5561,0.7411403990619517,232,17,SMN
5562,0.540816271475317,232,19,SMN
5563,0.39402930789120627,232,21,SMN
5564,0.8108397901321687,232,24,SMN
5565,0.8768418911894891,232,26,SMN
5566,0.231539156796664,232,28,SMN
5567,0.04644993005712335,232,30,SMN
5568,0.736149970198809,233,02,SMN
5569,0.5371270732953998,233,03,SMN
5570,0.2081065441483456,233,04,SMN
5571,0.07553381990753558,233,06,SMN
5572,0.34878426174935545,233,08,SMN
5573,0.30646946737523406,233,09,SMN
5574,1.1462688998681552,233,10,SMN
5575,0.07199196546334294,233,12,SMN
5576,0.3551954014379988,233,14,SMN
5577,0.48429719366818275,233,15,SMN
5578,0.16953931555446305,233,18,SMN
5579,0.2161289800705777,233,20,SMN
5580,0.22157150873640186,233,22,SMN
5581,0.20404000684294032,233,25,SMN
5582,0.6547048523600496,233,27,SMN
5583,0.2171655322408843,233,29,SMN
5584,0.05721585575610667,233,31,SMN
5585,0.2835914362828694,233,17,SMN
5586,0.29213158066227785,233,19,SMN
5587,0.14593290028268668,233,21,SMN
5588,0.6295500390887145,233,24,SMN
5589,0.21723099052138736,233,26,SMN
5590,0.2256002229565711,233,28,SMN
5591,0.009866848044331005,233,30,SMN
5592,0.47643216843967673,234,02,SMN
5593,0.29616367889978124,234,03,SMN
5594,0.031764208037652154,234,04,SMN
5595,0.0808879875665101,234,06,SMN
5596,0.6872566328721887,234,08,SMN
5597,0.3558858462667461,234,09,SMN
5598,0.3411368836388937,234,10,SMN
5599,0.34538685306777867,234,12,SMN
5600,0.3884585739745922,234,14,SMN
5601,0.009878606253724345,234,15,SMN
5602,0.04955166013959862,234,18,SMN
5603,0.07693915791235494,234,20,SMN
5604,0.07032614216979943,234,22,SMN
5605,0.08445432050743375,234,25,SMN
5606,0.49626974153142367,234,27,SMN
5607,0.33815259758974464,234,29,SMN
5608,0.00032232662920733636,234,31,SMN
5609,0.026320454923235394,234,17,SMN
5610,0.42942678363058745,234,19,SMN
5611,0.007023882064025426,234,21,SMN
5612,0.7258810119946109,234,24,SMN
5613,0.39619832307551306,234,26,SMN
5614,0.04980030727510959,234,28,SMN
5615,0.020536981707393213,234,30,SMN
5616,0.9516434942656133,235,02,SMN
5617,0.39780110114716055,235,03,SMN
5618,0.2915915605427923,235,04,SMN
5619,0.5890182660190696,235,06,SMN
5620,0.34781683704383043,235,08,SMN
5621,0.3800929335130662,235,09,SMN
5622,0.6248351850176914,235,10,SMN
5623,0.5064001454270706,235,12,SMN
5624,0.30354127400040043,235,14,SMN
5625,0.2027244025388108,235,15,SMN
5626,0.17685641007037223,235,18,SMN
5627,0.47599971057451956,235,20,SMN
5628,0.37599788173709026,235,22,SMN
5629,0.17879173487668576,235,25,SMN
5630,0.8826477482410163,235,27,SMN
5631,0.6995969933900726,235,29,SMN
5632,0.21872291416128162,235,31,SMN
5633,0.34785592669295773,235,17,SMN
5634,0.12799168680912362,235,19,SMN
5635,0.21002520721582085,235,21,SMN
5636,0.7563550663096256,235,24,SMN
5637,0.5276380623945526,235,26,SMN
5638,0.02530774583873796,235,28,SMN
5639,0.01616047817420841,235,30,SMN
5640,1.2350123977643672,236,02,SMN
5641,0.15921632657951498,236,03,SMN
5642,0.04370602244732421,236,04,SMN
5643,0.5741594759006339,236,06,SMN
5644,0.428039184078138,236,08,SMN
5645,0.8117115458241988,236,09,SMN
5646,0.46815669035490665,236,10,SMN
5647,0.27985816080071513,236,12,SMN
5648,0.2921386259497276,236,14,SMN
5649,0.25264916995431647,236,15,SMN
5650,0.574749252137486,236,18,SMN
5651,0.009005826570005636,236,20,SMN
5652,0.3808817005815154,236,22,SMN
5653,0.15236247452051,236,25,SMN
5654,0.9549521325970877,236,27,SMN
5655,0.12894538608794126,236,29,SMN
5656,0.24477036291063575,236,31,SMN
5657,0.7480529010803577,236,17,SMN
5658,0.30053687192062256,236,19,SMN
5659,0.46719238918239514,236,21,SMN
5660,1.1452498639400464,236,24,SMN
5661,0.7344045786354672,236,26,SMN
5662,0.06359702336850695,236,28,SMN
5663,0.24465244482199852,236,30,SMN
5664,0.733219272417648,237,02,CON
5665,0.30705526341019385,237,03,CON
5666,0.16288123252780076,237,04,CON
5667,0.5766311209019327,237,06,CON
5668,0.26057043534999885,237,08,CON
5669,0.7102054683060903,237,09,CON
5670,0.3833514689098244,237,10,CON
5671,0.7256917190867407,237,12,CON
5672,0.130019127662112,237,14,CON
5673,0.023039901781113786,237,15,CON
5674,0.09606389669252186,237,18,CON
5675,0.6999654335876728,237,20,CON
5676,0.6532686743376201,237,22,CON
5677,0.800493206340853,237,25,CON
5678,0.41871163715881415,237,27,CON
5679,0.0759501444351142,237,29,CON
5680,0.25684338861590933,237,31,CON
5681,0.5348037379538219,237,17,CON
5682,0.028545632339074412,237,19,CON
5683,0.3472575669752009,237,21,CON
5684,0.9726936098043493,237,24,CON
5685,0.2108531181442895,237,26,CON
5686,0.04548205851572294,237,28,CON
5687,0.007693909170030263,237,30,CON
5688,0.42067657041982703,238,02,FPN
5689,0.7902849221303915,238,03,FPN
5690,0.02459956139347865,238,04,FPN
5691,0.30979880438482105,238,06,FPN
5692,0.0027967637512516224,238,08,FPN
5693,0.15644452716959853,238,09,FPN
5694,0.045907876940233884,238,10,FPN
5695,0.6616403207383446,238,12,FPN
5696,0.09619093613245497,238,14,FPN
5697,0.15117512675182695,238,15,FPN
5698,0.035926873688074845,238,18,FPN
5699,0.32748692575055816,238,20,FPN
5700,0.5853284136699873,238,22,FPN
5701,0.33915006962770594,238,25,FPN
5702,0.3485473343178243,238,27,FPN
5703,0.2784603267864871,238,29,FPN
5704,0.09705375428124913,238,31,FPN
5705,0.013435131905997651,238,17,FPN
5706,0.04338089961048571,238,19,FPN
5707,0.07743387541378595,238,21,FPN
5708,0.4615067220186088,238,24,FPN
5709,0.21356626056592065,238,26,FPN
5710,0.012104880375761481,238,28,FPN
5711,0.21884155960881427,238,30,FPN
5712,0.38498406783547506,239,02,CON
5713,0.8488678021837519,239,03,CON
5714,0.0438936878451179,239,04,CON
5715,0.024828184562434796,239,06,CON
5716,0.00956401783683918,239,08,CON
5717,0.0017607002337441105,239,09,CON
5718,0.06522669665165015,239,10,CON
5719,1.0150341862928687,239,12,CON
5720,0.13709213713323481,239,14,CON
5721,0.07386891235505588,239,15,CON
5722,0.0958982259645208,239,18,CON
5723,0.46741896716488723,239,20,CON
5724,0.15676298938769662,239,22,CON
5725,0.08022612515592029,239,25,CON
5726,0.4979617166115558,239,27,CON
5727,0.3274038828607152,239,29,CON
5728,0.01855096824756213,239,31,CON
5729,0.3492321840200766,239,17,CON
5730,0.10819221177008823,239,19,CON
5731,0.3477690795897439,239,21,CON
5732,0.5964368914318103,239,24,CON
5733,0.3711191423114618,239,26,CON
5734,0.029425619464211687,239,28,CON
5735,0.027757072007519985,239,30,CON
5736,0.16837606589404938,240,02,CON
5737,0.6730615163518919,240,03,CON
5738,0.02211867881561929,240,04,CON
5739,0.21969479154325156,240,06,CON
5740,0.2098399456685641,240,08,CON
5741,0.19377202468933574,240,09,CON
5742,0.338623346491906,240,10,CON
5743,0.3807419037947115,240,12,CON
5744,0.16026169313809313,240,14,CON
5745,0.11314998642847572,240,15,CON
5746,0.547374411818117,240,18,CON
5747,0.116824302942374,240,20,CON
5748,0.039768898789992894,240,22,CON
5749,0.3637290458388959,240,25,CON
5750,0.2708727002569048,240,27,CON
5751,0.7777584367496748,240,29,CON
5752,0.04922896151778237,240,31,CON
5753,0.6524364406153064,240,17,CON
5754,0.3190763930011726,240,19,CON
5755,0.23565707752174916,240,21,CON
5756,1.1834596317360078,240,24,CON
5757,0.584659423082562,240,26,CON
5758,0.0761674530777872,240,28,CON
5759,0.043299064132443915,240,30,CON
5760,0.36177175270077444,241,02,DMN
5761,0.6177275954003862,241,03,DMN
5762,0.09271720288447122,241,04,DMN
5763,0.06322855287336732,241,06,DMN
5764,0.17386505444678205,241,08,DMN
5765,0.03988293077602514,241,09,DMN
5766,0.023112946151107507,241,10,DMN
5767,0.47385508951197275,241,12,DMN
5768,0.11967965386881214,241,14,DMN
5769,0.04870352728450554,241,15,DMN
5770,0.06579608180546861,241,18,DMN
5771,0.2271708305482525,241,20,DMN
5772,0.0011512191559867409,241,22,DMN
5773,0.037731579355754115,241,25,DMN
5774,0.3399031049816973,241,27,DMN
5775,0.14155667997495347,241,29,DMN
5776,0.03748447252966551,241,31,DMN
5777,0.07104459051778693,241,17,DMN
5778,0.35217530726019086,241,19,DMN
5779,0.037297072779921885,241,21,DMN
5780,0.08769635983755823,241,24,DMN
5781,0.10160043979452531,241,26,DMN
5782,0.3105494314260432,241,28,DMN
5783,0.01153520932100085,241,30,DMN
5784,0.47673765930991546,242,02,FPN
5785,0.246937849474862,242,03,FPN
5786,0.14995342027345854,242,04,FPN
5787,0.3511239543968305,242,06,FPN
5788,0.05151412663249985,242,08,FPN
5789,0.01586793325389025,242,09,FPN
5790,0.4682380567839476,242,10,FPN
5791,0.010397990933118087,242,12,FPN
5792,0.15195607411394105,242,14,FPN
5793,0.022462183597760636,242,15,FPN
5794,0.4177679099124755,242,18,FPN
5795,0.12357275234424343,242,20,FPN
5796,0.03647518708950916,242,22,FPN
5797,0.4918391830893095,242,25,FPN
5798,0.4318375246850005,242,27,FPN
5799,0.20735926244712993,242,29,FPN
5800,0.046814923500052126,242,31,FPN
5801,0.14434196346713338,242,17,FPN
5802,0.038859469044784115,242,19,FPN
5803,0.022465784731681242,242,21,FPN
5804,0.08985827853085843,242,24,FPN
5805,0.09469809351941709,242,26,FPN
5806,0.28893762448490945,242,28,FPN
5807,0.008986144151509647,242,30,FPN
5808,0.17057616976924161,243,02,FPN
5809,0.5960408726861322,243,03,FPN
5810,0.049965209225114736,243,04,FPN
5811,0.13974276322994397,243,06,FPN
5812,0.3077875601469579,243,08,FPN
5813,0.10170282647089388,243,09,FPN
5814,0.2151048444304791,243,10,FPN
5815,0.008949069049477993,243,12,FPN
5816,0.1627614653025218,243,14,FPN
5817,0.16519013776870928,243,15,FPN
5818,0.15267221567264447,243,18,FPN
5819,0.44160189448653325,243,20,FPN
5820,0.34611367345670885,243,22,FPN
5821,0.1510252201905361,243,25,FPN
5822,0.702016693308814,243,27,FPN
5823,0.5153757741756251,243,29,FPN
5824,0.05896626728494767,243,31,FPN
5825,0.1865242291477653,243,17,FPN
5826,0.24976667109794706,243,19,FPN
5827,0.0016223552940463934,243,21,FPN
5828,0.5859192337027982,243,24,FPN
5829,0.257259441159559,243,26,FPN
5830,0.2309340280403237,243,28,FPN
5831,0.021954154235822303,243,30,FPN
5832,0.4395134678404064,244,02,DMN
5833,0.9033128295448828,244,03,DMN
5834,0.03354648183910945,244,04,DMN
5835,0.029306830821521652,244,06,DMN
5836,0.01515621667893137,244,08,DMN
5837,0.08945796337762588,244,09,DMN
5838,0.20483241137528166,244,10,DMN
5839,0.17616300050860081,244,12,DMN
5840,0.08056723708318281,244,14,DMN
5841,0.0023310952157962667,244,15,DMN
5842,0.15072596629344265,244,18,DMN
5843,0.5152335610251821,244,20,DMN
5844,0.1876173776889865,244,22,DMN
5845,0.4212633089227586,244,25,DMN
5846,0.141042389750462,244,27,DMN
5847,0.13082601756540674,244,29,DMN
5848,0.0667015339923178,244,31,DMN
5849,0.12160843376088028,244,17,DMN
5850,0.28023687313674234,244,19,DMN
5851,0.07515821626065673,244,21,DMN
5852,0.37183646635836887,244,24,DMN
5853,0.5406976672034848,244,26,DMN
5854,0.08492443226532384,244,28,DMN
5855,0.0012117792539298997,244,30,DMN
5856,0.332253935756129,245,02,DMN
5857,0.007544369909739471,245,03,DMN
5858,0.15140511628832784,245,04,DMN
5859,0.015660054815993012,245,06,DMN
5860,0.01205400558627545,245,08,DMN
5861,0.04649303553215409,245,09,DMN
5862,0.24199006263082284,245,10,DMN
5863,0.44888909508340097,245,12,DMN
5864,0.3786754403973504,245,14,DMN
5865,0.019618144105677346,245,15,DMN
5866,0.020037280860357658,245,18,DMN
5867,0.10026705858339534,245,20,DMN
5868,0.10339876191035371,245,22,DMN
5869,0.17078390396082582,245,25,DMN
5870,0.6020214606977375,245,27,DMN
5871,0.02213578268411131,245,29,DMN
5872,0.028791219194047993,245,31,DMN
5873,0.4270886056534956,245,17,DMN
5874,0.15419657647175258,245,19,DMN
5875,0.01367955921801789,245,21,DMN
5876,0.01379798145857203,245,24,DMN
5877,0.18057669496221088,245,26,DMN
5878,0.052935475778934885,245,28,DMN
5879,0.05647387062268892,245,30,DMN
5880,0.17810422909124174,246,02,DMN
5881,0.5337414412230564,246,03,DMN
5882,0.1536949876968184,246,04,DMN
5883,0.031472667965126044,246,06,DMN
5884,0.0004681985080835037,246,08,DMN
5885,0.024380529161865838,246,09,DMN
5886,0.07966602508634452,246,10,DMN
5887,0.17707485055410335,246,12,DMN
5888,1.1581441154681324e-05,246,14,DMN
5889,0.0012707051645571201,246,15,DMN
5890,0.09007464131659984,246,18,DMN
5891,0.07734563612978829,246,20,DMN
5892,0.0431889397055318,246,22,DMN
5893,0.2290488338828292,246,25,DMN
5894,0.3697656335737129,246,27,DMN
5895,0.06736297253599978,246,29,DMN
5896,0.005288969857130016,246,31,DMN
5897,0.4328619076838877,246,17,DMN
5898,0.09917318005986386,246,19,DMN
5899,0.11516984966354282,246,21,DMN
5900,0.2565843201109295,246,24,DMN
5901,0.039012359718303115,246,26,DMN
5902,0.01601811589962073,246,28,DMN
5903,0.0089969007283971,246,30,DMN
5904,0.43152825720385324,247,02,DMN
5905,0.2504433666151056,247,03,DMN
5906,0.12908145970077547,247,04,DMN
5907,0.28285466036124596,247,06,DMN
5908,0.11211060533989975,247,08,DMN
5909,0.239864244035082,247,09,DMN
5910,0.8967963721011627,247,10,DMN
5911,0.0015112005986886855,247,12,DMN
5912,0.3746535577239429,247,14,DMN
5913,0.012317671481179454,247,15,DMN
5914,0.4133480800475964,247,18,DMN
5915,0.20503899000442533,247,20,DMN
5916,0.19264827954530628,247,22,DMN
5917,0.1577831208410415,247,25,DMN
5918,1.2145521992468877,247,27,DMN
5919,0.4810442589662614,247,29,DMN
5920,0.1482895702247141,247,31,DMN
5921,0.6843948659137421,247,17,DMN
5922,0.005936762475029246,247,19,DMN
5923,0.0184319503971365,247,21,DMN
5924,0.6133123961697634,247,24,DMN
5925,0.29053454660787525,247,26,DMN
5926,0.0662006853632491,247,28,DMN
5927,0.25249891442403033,247,30,DMN
5928,0.5688155258044637,248,02,DMN
5929,0.47567317857301367,248,03,DMN
5930,0.056815292150433246,248,04,DMN
5931,0.4360380411263746,248,06,DMN
5932,0.0807706285377057,248,08,DMN
5933,0.3069276838803743,248,09,DMN
5934,0.21181921364211628,248,10,DMN
5935,0.3571228387416253,248,12,DMN
5936,0.16359478511572983,248,14,DMN
5937,0.06435270583730018,248,15,DMN
5938,0.06557015115641919,248,18,DMN
5939,0.08482065744323806,248,20,DMN
5940,0.49249418476780016,248,22,DMN
5941,0.051322565743720315,248,25,DMN
5942,1.235078232517679,248,27,DMN
5943,0.40389065071492014,248,29,DMN
5944,0.2898871811368197,248,31,DMN
5945,0.9057205371297193,248,17,DMN
5946,0.0018887233606206797,248,19,DMN
5947,0.012835581695749582,248,21,DMN
5948,0.5436222888609632,248,24,DMN
5949,0.23307373866386052,248,26,DMN
5950,0.046890456764725676,248,28,DMN
5951,0.00044223559152136094,248,30,DMN
5952,1.0122899920203627,249,02,DMN
5953,0.28237090982534313,249,03,DMN
5954,0.09753915689597896,249,04,DMN
5955,0.17467654747293593,249,06,DMN
5956,0.2912972228382134,249,08,DMN
5957,0.05031270004505806,249,09,DMN
5958,0.4017573028202581,249,10,DMN
5959,0.05019188231970389,249,12,DMN
5960,0.11857914234100146,249,14,DMN
5961,0.39354944126924973,249,15,DMN
5962,0.06780849556830702,249,18,DMN
5963,0.30420217875760436,249,20,DMN
5964,0.3868349932622296,249,22,DMN
5965,0.6036144176451845,249,25,DMN
5966,0.7668976740323583,249,27,DMN
5967,0.18891252336801148,249,29,DMN
5968,0.023066894368945955,249,31,DMN
5969,0.47857997742695446,249,17,DMN
5970,0.5750622165371292,249,19,DMN
5971,0.03583731234048091,249,21,DMN
5972,0.0356716800108922,249,24,DMN
5973,0.05050938046870373,249,26,DMN
5974,0.035229061861728445,249,28,DMN
5975,0.004315873531495263,249,30,DMN
5976,0.593230370119204,250,02,DMN
5977,0.4136570045092814,250,03,DMN
5978,0.20067039198424616,250,04,DMN
5979,0.016703614176171857,250,06,DMN
5980,0.25209266175861245,250,08,DMN
5981,0.27417261484592154,250,09,DMN
5982,0.16849086388930934,250,10,DMN
5983,0.08668077847567443,250,12,DMN
5984,0.0840979872191286,250,14,DMN
5985,0.14190500380312404,250,15,DMN
5986,0.08512605465304993,250,18,DMN
5987,0.322303750173287,250,20,DMN
5988,0.4127889789961494,250,22,DMN
5989,0.25121547966415214,250,25,DMN
5990,0.5881026275025134,250,27,DMN
5991,0.5307853983839143,250,29,DMN
5992,0.4166845430534612,250,31,DMN
5993,0.5670799791992581,250,17,DMN
5994,0.07862450923456955,250,19,DMN
5995,0.013434379969085435,250,21,DMN
5996,0.2104686852243095,250,24,DMN
5997,0.28487978576028866,250,26,DMN
5998,0.07169382705226698,250,28,DMN
5999,0.00010766473720400602,250,30,DMN
6000,0.49941359458790724,251,02,DMN
6001,0.4788437537624713,251,03,DMN
6002,0.18469553300242444,251,04,DMN
6003,0.12196603283159471,251,06,DMN
6004,0.1609288916504302,251,08,DMN
6005,0.257238252122609,251,09,DMN
6006,0.4010435243881132,251,10,DMN
6007,0.14849085126086617,251,12,DMN
6008,0.10034129446912385,251,14,DMN
6009,0.01002714372768035,251,15,DMN
6010,0.07338087274587622,251,18,DMN
6011,0.276709045516013,251,20,DMN
6012,0.4270849903707232,251,22,DMN
6013,0.1951424451182736,251,25,DMN
6014,0.9268262206612018,251,27,DMN
6015,0.20002692460848492,251,29,DMN
6016,0.404646333953855,251,31,DMN
6017,0.46045094577271556,251,17,DMN
6018,0.06297584408266972,251,19,DMN
6019,0.0006874816842401421,251,21,DMN
6020,0.3807278245959944,251,24,DMN
6021,0.10484301147890406,251,26,DMN
6022,0.0010642321161581435,251,28,DMN
6023,0.00032443179032897845,251,30,DMN
6024,0.5669413924033246,252,02,DMN
6025,0.5114432668830929,252,03,DMN
6026,0.26078381277760854,252,04,DMN
6027,0.46226351005822897,252,06,DMN
6028,0.011704773805177959,252,08,DMN
6029,0.1557862346689052,252,09,DMN
6030,0.9020599215284263,252,10,DMN
6031,0.00045384795016518287,252,12,DMN
6032,0.06825237649131154,252,14,DMN
6033,0.2408180480257372,252,15,DMN
6034,0.1331451997837132,252,18,DMN
6035,0.5017581940060472,252,20,DMN
6036,0.2046134423065907,252,22,DMN
6037,0.47940282051362637,252,25,DMN
6038,0.5568859167911638,252,27,DMN
6039,0.2930976368723769,252,29,DMN
6040,0.03221059242966006,252,31,DMN
6041,0.3861241094517529,252,17,DMN
6042,0.3135793575081613,252,19,DMN
6043,0.0007070376306823439,252,21,DMN
6044,0.0005552608368831843,252,24,DMN
6045,0.4327842223525711,252,26,DMN
6046,0.00018042571210975613,252,28,DMN
6047,0.014359547502907941,252,30,DMN
6048,0.827126241496118,253,02,FPN
6049,0.3136032623033026,253,03,FPN
6050,0.22684491272988072,253,04,FPN
6051,0.6312178387016377,253,06,FPN
6052,0.22699127578695033,253,08,FPN
6053,0.6570100049075758,253,09,FPN
6054,0.7571784929026742,253,10,FPN
6055,0.24079584634696144,253,12,FPN
6056,0.44473410374463934,253,14,FPN
6057,0.0651242801050658,253,15,FPN
6058,0.2408245652349501,253,18,FPN
6059,0.5150920749664044,253,20,FPN
6060,0.6497671250767348,253,22,FPN
6061,0.13257167047328275,253,25,FPN
6062,1.3945569604970738,253,27,FPN
6063,0.6901668192222497,253,29,FPN
6064,0.508655934302265,253,31,FPN
6065,0.5587459238596503,253,17,FPN
6066,0.19309165503461057,253,19,FPN
6067,0.029539704893122846,253,21,FPN
6068,0.8066519554567776,253,24,FPN
6069,0.2260218420406065,253,26,FPN
6070,0.18693744960276162,253,28,FPN
6071,0.0609115356920524,253,30,FPN
6072,0.40145945201423233,254,02,FPN
6073,0.2774393923496842,254,03,FPN
6074,0.12209876115769813,254,04,FPN
6075,0.4889292861786524,254,06,FPN
6076,1.811550229668534e-05,254,08,FPN
6077,0.20453453173210348,254,09,FPN
6078,0.4371144846463187,254,10,FPN
6079,0.026556717216862154,254,12,FPN
6080,0.5663154382589883,254,14,FPN
6081,0.05020080842714389,254,15,FPN
6082,0.002375099989180262,254,18,FPN
6083,0.01411651559712867,254,20,FPN
6084,0.10346685149081143,254,22,FPN
6085,0.16315692878178917,254,25,FPN
6086,1.211375469759216,254,27,FPN
6087,0.4383736743865301,254,29,FPN
6088,0.010773426327942485,254,31,FPN
6089,0.5375067899039561,254,17,FPN
6090,0.562310576313761,254,19,FPN
6091,0.07744226483018413,254,21,FPN
6092,0.6934397592178322,254,24,FPN
6093,0.20107368912415396,254,26,FPN
6094,0.15574506941969923,254,28,FPN
6095,0.036723697058920625,254,30,FPN
6096,0.387682656354241,255,02,LAN
6097,0.1713289474411993,255,03,LAN
6098,0.29450652912868824,255,04,LAN
6099,0.5089388370001507,255,06,LAN
6100,0.3375499745781303,255,08,LAN
6101,0.03477090320464348,255,09,LAN
6102,0.6339485988958605,255,10,LAN
6103,0.07360518584471547,255,12,LAN
6104,0.23784907244960019,255,14,LAN
6105,0.08561135401968195,255,15,LAN
6106,0.25153141146332386,255,18,LAN
6107,0.16774874800144357,255,20,LAN
6108,0.023062657646020886,255,22,LAN
6109,0.3414492187781198,255,25,LAN
6110,1.0662847004571068,255,27,LAN
6111,0.05635704881691635,255,29,LAN
6112,0.012220761609465244,255,31,LAN
6113,0.6467291052833389,255,17,LAN
6114,0.3726764915687338,255,19,LAN
6115,0.06634048926282139,255,21,LAN
6116,0.5214803906875538,255,24,LAN
6117,0.022381641225355284,255,26,LAN
6118,0.16954402119204995,255,28,LAN
6119,0.03312554096391884,255,30,LAN
6120,0.23310362803037693,256,02,DMN
6121,0.12295914885122347,256,03,DMN
6122,0.4692824079881414,256,04,DMN
6123,0.35495952548887794,256,06,DMN
6124,0.25556666602093747,256,08,DMN
6125,0.011443323034883967,256,09,DMN
6126,0.2827898687640273,256,10,DMN
6127,0.0037274338484664465,256,12,DMN
6128,0.18189996272181555,256,14,DMN
6129,0.13789350327504357,256,15,DMN
6130,0.10686918479377097,256,18,DMN
6131,0.46072982346996455,256,20,DMN
6132,0.004194863079279034,256,22,DMN
6133,0.14090245858401537,256,25,DMN
6134,1.198736892708566,256,27,DMN
6135,0.12067079569337784,256,29,DMN
6136,5.13570927863964e-06,256,31,DMN
6137,0.2659017302489042,256,17,DMN
6138,0.15893698781955024,256,19,DMN
6139,0.004492237313661108,256,21,DMN
6140,0.42826930892748927,256,24,DMN
6141,0.018829796020757534,256,26,DMN
6142,0.3279508084684788,256,28,DMN
6143,0.007621673333237811,256,30,DMN
6144,0.07752750877637647,257,02,FPN
6145,0.010555131158910738,257,03,FPN
6146,0.07802653617295038,257,04,FPN
6147,0.07311376994167586,257,06,FPN
6148,0.30535804806031225,257,08,FPN
6149,0.005299437851639075,257,09,FPN
6150,0.08484082577876288,257,10,FPN
6151,0.16618793976452545,257,12,FPN
6152,0.0033632395427025006,257,14,FPN
6153,0.021242635049145833,257,15,FPN
6154,0.0001492820081179705,257,18,FPN
6155,0.0692141529502758,257,20,FPN
6156,0.028679347934684,257,22,FPN
6157,0.1388966722659169,257,25,FPN
6158,0.6946959286080916,257,27,FPN
6159,0.35079279393687807,257,29,FPN
6160,0.022927822219852574,257,31,FPN
6161,0.12965634098651618,257,17,FPN
6162,0.16688335043756836,257,19,FPN
6163,0.007206745799399301,257,21,FPN
6164,0.12227527676208483,257,24,FPN
6165,0.046194716608534706,257,26,FPN
6166,0.03890581580857528,257,28,FPN
6167,0.02060814717556131,257,30,FPN
6168,0.6745453136948378,258,02,CON
6169,0.46980311810182523,258,03,CON
6170,0.027339314289228114,258,04,CON
6171,0.274316757881426,258,06,CON
6172,0.33132256269773974,258,08,CON
6173,0.18294278991328963,258,09,CON
6174,0.6294364304419988,258,10,CON
6175,0.057663132447680086,258,12,CON
6176,0.909875671476373,258,14,CON
6177,0.5290802175742136,258,15,CON
6178,0.41272426587187083,258,18,CON
6179,0.09093693796248772,258,20,CON
6180,0.7328756536961081,258,22,CON
6181,0.003790112758263713,258,25,CON
6182,0.5740625107251264,258,27,CON
6183,0.29671540145957737,258,29,CON
6184,0.10801891131343651,258,31,CON
6185,0.7129262044415992,258,17,CON
6186,0.2031705714217801,258,19,CON
6187,0.16564919577824963,258,21,CON
6188,1.2016847667611987,258,24,CON
6189,0.6461527420481442,258,26,CON
6190,0.08267732380955355,258,28,CON
6191,0.24335441848750602,258,30,CON
6192,0.9860702572583399,259,02,LAN
6193,0.09116985459918704,259,03,LAN
6194,0.11636254869667359,259,04,LAN
6195,0.17963146311996794,259,06,LAN
6196,0.2907403242036962,259,08,LAN
6197,0.1635250254890355,259,09,LAN
6198,0.3207139945122448,259,10,LAN
6199,0.08228778756566738,259,12,LAN
6200,0.21482804878889933,259,14,LAN
6201,0.2791980884572261,259,15,LAN
6202,0.15206687629264434,259,18,LAN
6203,0.00273041239820289,259,20,LAN
6204,0.7041156335728329,259,22,LAN
6205,0.07794173996113583,259,25,LAN
6206,0.4060298993995228,259,27,LAN
6207,0.4664543611151324,259,29,LAN
6208,0.2300029657719181,259,31,LAN
6209,0.5772910330879435,259,17,LAN
6210,0.7530225851170823,259,19,LAN
6211,0.15534355340181888,259,21,LAN
6212,0.6251809618435727,259,24,LAN
6213,0.46899388029248795,259,26,LAN
6214,0.006219225846128826,259,28,LAN
6215,0.0026899680025281526,259,30,LAN
6216,1.0560996168090713,260,02,FPN
6217,0.3239719803855745,260,03,FPN
6218,0.03550840849295852,260,04,FPN
6219,0.6103070227686004,260,06,FPN
6220,0.14903693827508716,260,08,FPN
6221,0.5256154143040295,260,09,FPN
6222,0.3792500982941248,260,10,FPN
6223,0.14051047013634121,260,12,FPN
6224,0.4254927061483335,260,14,FPN
6225,0.2511524651736541,260,15,FPN
6226,0.7600984699927535,260,18,FPN
6227,0.032774838190967735,260,20,FPN
6228,0.99926248914216,260,22,FPN
6229,0.020427368097067487,260,25,FPN
6230,0.9460500047876905,260,27,FPN
6231,0.4576360270378135,260,29,FPN
6232,0.08863501859657795,260,31,FPN
6233,0.4938820412122151,260,17,FPN
6234,0.35469002435031305,260,19,FPN
6235,0.2856654694581369,260,21,FPN
6236,0.507802983113163,260,24,FPN
6237,0.38281116073068117,260,26,FPN
6238,0.0077011330777265056,260,28,FPN
6239,0.01908244158179568,260,30,FPN
6240,0.737487862791163,261,02,FPN
6241,0.1615188796342588,261,03,FPN
6242,0.03166501482338151,261,04,FPN
6243,0.20964180108695393,261,06,FPN
6244,0.14755523817078606,261,08,FPN
6245,0.20309200222143883,261,09,FPN
6246,0.1360996095751183,261,10,FPN
6247,0.2573409736685231,261,12,FPN
6248,0.5196786611131392,261,14,FPN
6249,0.1912827109843029,261,15,FPN
6250,0.1527927280067758,261,18,FPN
6251,0.0035116745993121305,261,20,FPN
6252,0.19420825943448078,261,22,FPN
6253,0.03393099875106008,261,25,FPN
6254,0.6092403912110008,261,27,FPN
6255,0.5040882344816997,261,29,FPN
6256,0.18036492730047823,261,31,FPN
6257,0.27854985640116064,261,17,FPN
6258,0.23632025355942934,261,19,FPN
6259,0.1583235774818746,261,21,FPN
6260,0.7701914822458923,261,24,FPN
6261,0.07906660382393375,261,26,FPN
6262,0.36346649118819074,261,28,FPN
6263,0.001698415385392315,261,30,FPN
6264,0.829858387833067,262,02,CON
6265,0.0450469985968719,262,03,CON
6266,0.0325030703686215,262,04,CON
6267,0.23352722353501731,262,06,CON
6268,0.2907675223905626,262,08,CON
6269,0.35305979818243255,262,09,CON
6270,0.20552761580030363,262,10,CON
6271,0.07517087090003036,262,12,CON
6272,0.5028633012293862,262,14,CON
6273,0.05431554070758684,262,15,CON
6274,0.008947505411455088,262,18,CON
6275,0.222549631676528,262,20,CON
6276,0.07942017024085259,262,22,CON
6277,0.1674890462033055,262,25,CON
6278,1.3800986202621597,262,27,CON
6279,0.384756163176651,262,29,CON
6280,0.12453532889622518,262,31,CON
6281,0.31511395327861946,262,17,CON
6282,0.21753397158799953,262,19,CON
6283,0.357510376121831,262,21,CON
6284,0.7096131065802257,262,24,CON
6285,0.12049464229532045,262,26,CON
6286,0.19631291203345838,262,28,CON
6287,0.07155235634346126,262,30,CON
6288,0.598857874227128,263,02,FPN
6289,0.3604748934979568,263,03,FPN
6290,0.6203479425309817,263,04,FPN
6291,0.4842360086849806,263,06,FPN
6292,0.040559282756252285,263,08,FPN
6293,0.38304243306708624,263,09,FPN
6294,0.48494064123644776,263,10,FPN
6295,0.09727227324514781,263,12,FPN
6296,0.5927189243055752,263,14,FPN
6297,0.09581323065447278,263,15,FPN
6298,0.49106201402862787,263,18,FPN
6299,0.2714479682940137,263,20,FPN
6300,0.5404316201517154,263,22,FPN
6301,0.21486652374352957,263,25,FPN
6302,0.9539947652001618,263,27,FPN
6303,0.5459376972259017,263,29,FPN
6304,0.21724221859715132,263,31,FPN
6305,0.16347248117923094,263,17,FPN
6306,0.3361844019271462,263,19,FPN
6307,0.14416046114110773,263,21,FPN
6308,0.8017497953751104,263,24,FPN
6309,0.083018468368296,263,26,FPN
6310,0.28519161309746727,263,28,FPN
6311,0.02302868850474305,263,30,FPN
6312,0.5003656556431283,264,02,CON
6313,0.44970994465684466,264,03,CON
6314,0.3054035650354575,264,04,CON
6315,0.7894131638309219,264,06,CON
6316,0.17753673852169854,264,08,CON
6317,0.2576246288004216,264,09,CON
6318,0.7526293312454241,264,10,CON
6319,1.1465141355121826e-08,264,12,CON
6320,0.3046727654466351,264,14,CON
6321,0.10452618516333717,264,15,CON
6322,0.14323553236543712,264,18,CON
6323,0.006827732193575107,264,20,CON
6324,0.265813531251609,264,22,CON
6325,0.0790670629345455,264,25,CON
6326,1.0453417314375957,264,27,CON
6327,0.2073158450935502,264,29,CON
6328,0.4164171244190267,264,31,CON
6329,1.0065659534132452,264,17,CON
6330,0.4597009251370675,264,19,CON
6331,0.07457269967722441,264,21,CON
6332,0.382897248215234,264,24,CON
6333,0.40808226924914925,264,26,CON
6334,0.008495451646950963,264,28,CON
6335,0.2232619472772672,264,30,CON
6336,0.3750689987753767,265,02,FPN
6337,0.24242440179537703,265,03,FPN
6338,0.4940795504064581,265,04,FPN
6339,0.5510522110470909,265,06,FPN
6340,0.1790548988168267,265,08,FPN
6341,0.1987722851929323,265,09,FPN
6342,0.3812056174158779,265,10,FPN
6343,0.4015243865250958,265,12,FPN
6344,0.24753763482981958,265,14,FPN
6345,0.0009719531567081009,265,15,FPN
6346,0.20056428553039043,265,18,FPN
6347,0.22222220961044425,265,20,FPN
6348,0.07557361284821248,265,22,FPN
6349,0.48933881950864555,265,25,FPN
6350,1.3079867569954886,265,27,FPN
6351,0.33121881434479944,265,29,FPN
6352,0.12401521521950964,265,31,FPN
6353,0.9544358288388801,265,17,FPN
6354,0.211854550710423,265,19,FPN
6355,0.00041658128552316134,265,21,FPN
6356,0.2561417365499784,265,24,FPN
6357,0.174805580651891,265,26,FPN
6358,0.028266227984548746,265,28,FPN
6359,0.039791444277299075,265,30,FPN
6360,0.23550379937300525,266,02,CON
6361,0.8570854121587568,266,03,CON
6362,0.1295358035121597,266,04,CON
6363,0.34002764454250833,266,06,CON
6364,0.10192402160319655,266,08,CON
6365,0.134012966806609,266,09,CON
6366,0.5974468531505545,266,10,CON
6367,0.0581188912697654,266,12,CON
6368,0.028507513548309077,266,14,CON
6369,0.13009428392745065,266,15,CON
6370,0.06449127254660678,266,18,CON
6371,0.29123402759844147,266,20,CON
6372,0.6340853912279936,266,22,CON
6373,0.1176013453984916,266,25,CON
6374,1.0060366056472192,266,27,CON
6375,0.23111608772292289,266,29,CON
6376,0.21185791718951644,266,31,CON
6377,0.3650896479011306,266,17,CON
6378,0.7271346401292924,266,19,CON
6379,0.00016442597679088228,266,21,CON
6380,0.0663457666355172,266,24,CON
6381,0.40239219151791994,266,26,CON
6382,0.042283971883926214,266,28,CON
6383,0.11556605709142179,266,30,CON
6384,0.09266091314074458,267,02,DMN
6385,0.17822370848506439,267,03,DMN
6386,0.26547234110058504,267,04,DMN
6387,0.07542024482880812,267,06,DMN
6388,0.1364315699302402,267,08,DMN
6389,0.08934409083241267,267,09,DMN
6390,0.36944895395368565,267,10,DMN
6391,0.0016351391175938655,267,12,DMN
6392,0.16987115493424637,267,14,DMN
6393,0.3701949265229773,267,15,DMN
6394,0.00232273095903089,267,18,DMN
6395,0.35801349605216143,267,20,DMN
6396,0.26558112816266116,267,22,DMN
6397,0.34713353791323875,267,25,DMN
6398,0.08850099646951723,267,27,DMN
6399,0.24536234159913023,267,29,DMN
6400,0.04496131332208722,267,31,DMN
6401,0.162061691592749,267,17,DMN
6402,0.0027794762796591204,267,19,DMN
6403,0.003451477772207609,267,21,DMN
6404,0.02602138741870011,267,24,DMN
6405,0.2184963291287683,267,26,DMN
6406,0.03547043062732635,267,28,DMN
6407,0.08023650480928711,267,30,DMN
6408,0.38596274352392357,268,02,DMN
6409,0.2370183240812467,268,03,DMN
6410,0.001598242724430571,268,04,DMN
6411,0.37482360804421466,268,06,DMN
6412,0.005058489025852746,268,08,DMN
6413,0.07289498760988465,268,09,DMN
6414,0.40650461580010944,268,10,DMN
6415,0.15768023942502124,268,12,DMN
6416,0.38680066993511325,268,14,DMN
6417,0.06836994705699702,268,15,DMN
6418,0.028511063338233878,268,18,DMN
6419,0.05999090122516578,268,20,DMN
6420,0.375760477075963,268,22,DMN
6421,1.3248933558556409e-05,268,25,DMN
6422,0.6804371046798484,268,27,DMN
6423,0.3150197597071568,268,29,DMN
6424,0.08863294352551603,268,31,DMN
6425,0.6334946791175029,268,17,DMN
6426,0.21770472107070024,268,19,DMN
6427,0.04694547397427554,268,21,DMN
6428,0.08048323702720475,268,24,DMN
6429,0.06504833280291455,268,26,DMN
6430,0.005453563546383762,268,28,DMN
6431,0.22773971658654676,268,30,DMN
6432,0.24380224679107526,269,02,FPN
6433,0.18343191515680515,269,03,FPN
6434,0.11036954319599854,269,04,FPN
6435,0.17205936849834008,269,06,FPN
6436,0.006036631045598365,269,08,FPN
6437,0.13959626449262477,269,09,FPN
6438,0.8735368501393265,269,10,FPN
6439,0.003202503036735863,269,12,FPN
6440,0.23064427185170477,269,14,FPN
6441,0.0004922954785699965,269,15,FPN
6442,0.10939093172205877,269,18,FPN
6443,0.2430007428294044,269,20,FPN
6444,0.1834350407870462,269,22,FPN
6445,0.0610096457736296,269,25,FPN
6446,0.610583058447627,269,27,FPN
6447,0.3917940540082351,269,29,FPN
6448,0.2878912418695695,269,31,FPN
6449,0.7196723718748848,269,17,FPN
6450,0.12319873206046232,269,19,FPN
6451,0.05314172412461025,269,21,FPN
6452,0.14489241280501455,269,24,FPN
6453,0.07372295683844025,269,26,FPN
6454,0.33411870254894876,269,28,FPN
6455,0.1668672665916412,269,30,FPN
6456,0.12496951088135946,270,02,DMN
6457,0.2194724452261902,270,03,DMN
6458,0.05753626086376207,270,04,DMN
6459,0.11801652879705174,270,06,DMN
6460,0.16581835294410746,270,08,DMN
6461,0.05836808884596796,270,09,DMN
6462,0.41129636343922527,270,10,DMN
6463,0.00026564487083031687,270,12,DMN
6464,0.6763373033889751,270,14,DMN
6465,0.0915467813492649,270,15,DMN
6466,0.011342857199449162,270,18,DMN
6467,0.4175286007582126,270,20,DMN
6468,0.23228692363424872,270,22,DMN
6469,0.0781775474580965,270,25,DMN
6470,0.03960218945356904,270,27,DMN
6471,0.3212444228227887,270,29,DMN
6472,0.2168312083372464,270,31,DMN
6473,0.3247645441191304,270,17,DMN
6474,0.1843470594047871,270,19,DMN
6475,0.05690160535342436,270,21,DMN
6476,0.020626328354892302,270,24,DMN
6477,0.17513463791922465,270,26,DMN
6478,0.009822551047081211,270,28,DMN
6479,0.02416436080241261,270,30,DMN
6480,0.0722337853682825,271,02,FPN
6481,0.4939275293007024,271,03,FPN
6482,0.001356621393527424,271,04,FPN
6483,0.0850842478242746,271,06,FPN
6484,0.03806723603259972,271,08,FPN
6485,0.006717717747758422,271,09,FPN
6486,0.11624342288140246,271,10,FPN
6487,0.10323898051962292,271,12,FPN
6488,0.09154613652701214,271,14,FPN
6489,0.003563943823237504,271,15,FPN
6490,0.008814530336224705,271,18,FPN
6491,0.2732714716399709,271,20,FPN
6492,0.002155306027730831,271,22,FPN
6493,0.07971092838855164,271,25,FPN
6494,0.2868115668779793,271,27,FPN
6495,0.17076221885719767,271,29,FPN
6496,0.11416261732163113,271,31,FPN
6497,0.14514798915630597,271,17,FPN
6498,0.17788935380985713,271,19,FPN
6499,0.08894412287366532,271,21,FPN
6500,0.25297555844830405,271,24,FPN
6501,0.16842050024893887,271,26,FPN
6502,0.3756893904832515,271,28,FPN
6503,0.04873691259811763,271,30,FPN
6504,0.04843361266370339,272,02,FPN
6505,0.13316662973203727,272,03,FPN
6506,0.07999276672653662,272,04,FPN
6507,0.06923563323745188,272,06,FPN
6508,0.1009673016188505,272,08,FPN
6509,0.22939409851568673,272,09,FPN
6510,0.07643346227774608,272,10,FPN
6511,0.007552517342750954,272,12,FPN
6512,0.06001994932320209,272,14,FPN
6513,0.2708992458308565,272,15,FPN
6514,0.11423949309991449,272,18,FPN
6515,0.07129097667602904,272,20,FPN
6516,0.02377420468994924,272,22,FPN
6517,0.3751554128061389,272,25,FPN
6518,0.06511359222034767,272,27,FPN
6519,0.012881626793155574,272,29,FPN
6520,0.024806548930837797,272,31,FPN
6521,0.07651740036745813,272,17,FPN
6522,0.13461139115517273,272,19,FPN
6523,0.032097032872837994,272,21,FPN
6524,0.08179798796548493,272,24,FPN
6525,0.15505697766069504,272,26,FPN
6526,0.010501521506087142,272,28,FPN
6527,0.013834367331171642,272,30,FPN
6528,0.19032458807881497,273,02,FPN
6529,0.107698512782667,273,03,FPN
6530,0.086680268336791,273,04,FPN
6531,0.21852608149699607,273,06,FPN
6532,0.038410863368601826,273,08,FPN
6533,0.017255626070795803,273,09,FPN
6534,0.18528883688555567,273,10,FPN
6535,0.0003995362292835808,273,12,FPN
6536,0.31822983628047913,273,14,FPN
6537,0.11643210571449167,273,15,FPN
6538,0.0050810006177054974,273,18,FPN
6539,0.12592937085805594,273,20,FPN
6540,0.5552244435669019,273,22,FPN
6541,6.846828266787775e-05,273,25,FPN
6542,0.6342157532324205,273,27,FPN
6543,0.35644642485332334,273,29,FPN
6544,0.003953113852044854,273,31,FPN
6545,0.24415808819449492,273,17,FPN
6546,0.16096761684119526,273,19,FPN
6547,0.01230780501503686,273,21,FPN
6548,0.1188855367819264,273,24,FPN
6549,0.06349649498954581,273,26,FPN
6550,0.09721852317274704,273,28,FPN
6551,0.03351425449076397,273,30,FPN
6552,0.4762557294575522,274,02,DMN
6553,0.3721492280261663,274,03,DMN
6554,0.09969492395739753,274,04,DMN
6555,0.5432463494544234,274,06,DMN
6556,0.13759299143462034,274,08,DMN
6557,0.03540768883051147,274,09,DMN
6558,0.018019855448779067,274,10,DMN
6559,0.031349512797173074,274,12,DMN
6560,0.014918726975666293,274,14,DMN
6561,0.03259765225533257,274,15,DMN
6562,0.13737842506762002,274,18,DMN
6563,0.07485890043468128,274,20,DMN
6564,0.025743384394552198,274,22,DMN
6565,0.11145713451715698,274,25,DMN
6566,0.4743724720770069,274,27,DMN
6567,0.38562785217472983,274,29,DMN
6568,0.025702814871823253,274,31,DMN
6569,0.6858232748531519,274,17,DMN
6570,0.20541601232833345,274,19,DMN
6571,0.08945727843539443,274,21,DMN
6572,0.3080599102880632,274,24,DMN
6573,0.15009031552341606,274,26,DMN
6574,0.11271496611449,274,28,DMN
6575,0.08134813477047129,274,30,DMN
6576,0.6601598534239751,275,02,DAN
6577,0.418846122011314,275,03,DAN
6578,0.08698025127693722,275,04,DAN
6579,0.6951145002556826,275,06,DAN
6580,0.26918857041305166,275,08,DAN
6581,0.5218271323818876,275,09,DAN
6582,0.3578616727215092,275,10,DAN
6583,0.3886966320544333,275,12,DAN
6584,0.3998373855993726,275,14,DAN
6585,0.2995748823059544,275,15,DAN
6586,0.20954910947366343,275,18,DAN
6587,0.08358027003642786,275,20,DAN
6588,0.11579168302682365,275,22,DAN
6589,0.0999607448583582,275,25,DAN
6590,0.9925298726360858,275,27,DAN
6591,0.7349601750905859,275,29,DAN
6592,0.33030772075650205,275,31,DAN
6593,0.5553724118869839,275,17,DAN
6594,0.3805555766053971,275,19,DAN
6595,0.4265764129743122,275,21,DAN
6596,0.44643717618392265,275,24,DAN
6597,0.17946846879691414,275,26,DAN
6598,0.16498798429882386,275,28,DAN
6599,0.00737025334311186,275,30,DAN
6600,0.8792227838700355,276,02,DAN
6601,0.17941667490997706,276,03,DAN
6602,0.24176065691608056,276,04,DAN
6603,0.24566841071000797,276,06,DAN
6604,0.5789486883989465,276,08,DAN
6605,0.7046108687987421,276,09,DAN
6606,0.3307280625150777,276,10,DAN
6607,0.05841145629980364,276,12,DAN
6608,0.0956188616456764,276,14,DAN
6609,0.020545893221885624,276,15,DAN
6610,0.16558918035861558,276,18,DAN
6611,0.46331739332964855,276,20,DAN
6612,0.44862471662555464,276,22,DAN
6613,0.1676978894001019,276,25,DAN
6614,1.014416868752422,276,27,DAN
6615,0.667429406258949,276,29,DAN
6616,0.07366017729273185,276,31,DAN
6617,0.2977135937352641,276,17,DAN
6618,0.23805294615582975,276,19,DAN
6619,0.14774363116564468,276,21,DAN
6620,0.6091172986586993,276,24,DAN
6621,0.41995041401458394,276,26,DAN
6622,0.005470965438510217,276,28,DAN
6623,0.0017551091498807085,276,30,DAN
6624,0.18239879543866683,277,02,FPN
6625,0.2239344141779137,277,03,FPN
6626,0.09401826561791757,277,04,FPN
6627,0.29861287010509163,277,06,FPN
6628,0.10952053285366298,277,08,FPN
6629,0.26019341367874926,277,09,FPN
6630,0.10024809073540276,277,10,FPN
6631,2.623398055204872e-06,277,12,FPN
6632,0.055872388106546954,277,14,FPN
6633,0.0003554205057696059,277,15,FPN
6634,0.09833670620160986,277,18,FPN
6635,0.20747236736663052,277,20,FPN
6636,0.19293107833357387,277,22,FPN
6637,0.5125488901935026,277,25,FPN
6638,0.8559120932184022,277,27,FPN
6639,0.34184188492565765,277,29,FPN
6640,0.11861412436061596,277,31,FPN
6641,0.6040111418039743,277,17,FPN
6642,0.20484175162742774,277,19,FPN
6643,0.007990169482082645,277,21,FPN
6644,0.29805885537200416,277,24,FPN
6645,0.02283182137234415,277,26,FPN
6646,0.09743389354103336,277,28,FPN
6647,0.1251819164460606,277,30,FPN
6648,0.32661337201215973,278,02,FPN
6649,0.1754412487961755,278,03,FPN
6650,0.003214339596939109,278,04,FPN
6651,0.13594671625931876,278,06,FPN
6652,0.23994193651833873,278,08,FPN
6653,0.36850533717544853,278,09,FPN
6654,0.5559005934139024,278,10,FPN
6655,0.029924791665282627,278,12,FPN
6656,0.551949630052305,278,14,FPN
6657,0.003081979916398852,278,15,FPN
6658,0.001987016239562829,278,18,FPN
6659,0.07026026274058603,278,20,FPN
6660,0.11387659628655541,278,22,FPN
6661,0.0721055836859565,278,25,FPN
6662,0.5224953810883485,278,27,FPN
6663,0.27293277575809255,278,29,FPN
6664,0.1266902852174342,278,31,FPN
6665,0.5223052537091734,278,17,FPN
6666,0.16112288744593398,278,19,FPN
6667,0.0880707053125992,278,21,FPN
6668,0.5639353381853637,278,24,FPN
6669,0.2199734069290035,278,26,FPN
6670,0.024332764426745965,278,28,FPN
6671,0.026559974724614726,278,30,FPN
6672,0.5895108597012461,279,02,CON
6673,0.8172323846205822,279,03,CON
6674,0.09817126028057173,279,04,CON
6675,0.6495512259618472,279,06,CON
6676,0.2398715384979916,279,08,CON
6677,0.4530245367790116,279,09,CON
6678,0.7333032986008801,279,10,CON
6679,0.3278467995498034,279,12,CON
6680,0.4851390819986909,279,14,CON
6681,0.12870845205602977,279,15,CON
6682,0.33786597794568907,279,18,CON
6683,0.3116212016700269,279,20,CON
6684,0.32347597971918896,279,22,CON
6685,0.042463564844503233,279,25,CON
6686,0.7898283022533448,279,27,CON
6687,0.13299219033498869,279,29,CON
6688,0.2752273337354943,279,31,CON
6689,0.2924447714925289,279,17,CON
6690,0.4076654630643794,279,19,CON
6691,0.08101165457659104,279,21,CON
6692,0.9168968501338569,279,24,CON
6693,0.42551706783127075,279,26,CON
6694,0.03884616870508167,279,28,CON
6695,0.06927041647266771,279,30,CON
6696,0.35471371626436515,280,02,SMN
6697,0.18275994300940243,280,03,SMN
6698,0.1793428862150063,280,04,SMN
6699,0.2285780994552127,280,06,SMN
6700,0.4111693045597901,280,08,SMN
6701,0.6796400340369537,280,09,SMN
6702,0.6684296113122159,280,10,SMN
6703,0.08388382159682464,280,12,SMN
6704,0.5235415374355428,280,14,SMN
6705,0.32960140198487065,280,15,SMN
6706,0.3812185320714838,280,18,SMN
6707,0.006236130468170724,280,20,SMN
6708,0.5183946808957373,280,22,SMN
6709,0.27497126876661976,280,25,SMN
6710,1.124687610315932,280,27,SMN
6711,0.41773325167271674,280,29,SMN
6712,0.04171931606960929,280,31,SMN
6713,0.5746258699456898,280,17,SMN
6714,0.49622049890058545,280,19,SMN
6715,0.202841846775793,280,21,SMN
6716,0.8690367364217445,280,24,SMN
6717,0.0009180196909314463,280,26,SMN
6718,0.05587703279964222,280,28,SMN
6719,0.046403437489741454,280,30,SMN
6720,1.060670289734624,281,02,SMN
6721,0.12157410964504711,281,03,SMN
6722,0.10413975302674085,281,04,SMN
6723,0.010765262614864404,281,06,SMN
6724,0.08875360344295687,281,08,SMN
6725,0.12273424911498,281,09,SMN
6726,0.14585492166819194,281,10,SMN
6727,0.20065082378677182,281,12,SMN
6728,0.2242003936432646,281,14,SMN
6729,0.23266213116903528,281,15,SMN
6730,0.09735340658540809,281,18,SMN
6731,0.0013597960556610677,281,20,SMN
6732,0.38688207389631657,281,22,SMN
6733,0.04109852829095766,281,25,SMN
6734,1.0865663518281854,281,27,SMN
6735,0.08124848880814747,281,29,SMN
6736,0.0001360254593033335,281,31,SMN
6737,0.02047954742784431,281,17,SMN
6738,0.06181589743450434,281,19,SMN
6739,0.0626455884403331,281,21,SMN
6740,0.329605957362723,281,24,SMN
6741,0.03372035218348655,281,26,SMN
6742,0.06693315278696894,281,28,SMN
6743,8.09872872189898e-05,281,30,SMN
6744,1.1035967163119837,282,02,SMN
6745,0.1714681680490186,282,03,SMN
6746,0.17296613749619807,282,04,SMN
6747,0.4180881791572036,282,06,SMN
6748,0.07818662650530342,282,08,SMN
6749,0.03775074941140154,282,09,SMN
6750,0.3098504201506551,282,10,SMN
6751,0.045280535993063545,282,12,SMN
6752,0.49052684139848335,282,14,SMN
6753,0.18263163321333423,282,15,SMN
6754,0.27917136209733656,282,18,SMN
6755,0.24030948831092644,282,20,SMN
6756,0.06637997446733777,282,22,SMN
6757,0.4181935873973948,282,25,SMN
6758,1.0705309517103656,282,27,SMN
6759,0.007850380706586405,282,29,SMN
6760,0.011443730981428866,282,31,SMN
6761,0.2290321997254092,282,17,SMN
6762,0.09756806299040593,282,19,SMN
6763,0.13146287656901587,282,21,SMN
6764,0.5832938609029891,282,24,SMN
6765,0.7663706882533248,282,26,SMN
6766,0.12379136588009595,282,28,SMN
6767,0.0006400410398032346,282,30,SMN
6768,0.26723617890642426,283,02,AUD
6769,0.0519032257586808,283,03,AUD
6770,0.27401702776443676,283,04,AUD
6771,0.0001313827958705702,283,06,AUD
6772,0.009371745896666504,283,08,AUD
6773,0.05598103326323692,283,09,AUD
6774,0.1003703990030958,283,10,AUD
6775,2.4773774452030284e-07,283,12,AUD
6776,0.016249983877062127,283,14,AUD
6777,0.0944539488968242,283,15,AUD
6778,0.0025565955969030336,283,18,AUD
6779,0.17187875233422498,283,20,AUD
6780,0.004204380823139705,283,22,AUD
6781,0.07810101329946487,283,25,AUD
6782,0.4700895514241912,283,27,AUD
6783,5.93618757307275e-05,283,29,AUD
6784,0.016415822001361567,283,31,AUD
6785,0.035682403915868244,283,17,AUD
6786,0.0007767579937030356,283,19,AUD
6787,0.0673288892819578,283,21,AUD
6788,0.006243632798485856,283,24,AUD
6789,0.10897230813522163,283,26,AUD
6790,0.10236875602608556,283,28,AUD
6791,0.2758042720208782,283,30,AUD
6792,0.36199923953464047,284,02,SMN
6793,0.15267393743347968,284,03,SMN
6794,0.058449277885033346,284,04,SMN
6795,0.12118618588954783,284,06,SMN
6796,0.07136494776835287,284,08,SMN
6797,0.0993285775869452,284,09,SMN
6798,0.6204204460320408,284,10,SMN
6799,0.0042469486241826036,284,12,SMN
6800,0.5998833201765654,284,14,SMN
6801,0.1952973879905217,284,15,SMN
6802,0.19098020212226643,284,18,SMN
6803,0.06535992264911648,284,20,SMN
6804,0.43279831508034344,284,22,SMN
6805,0.12923307098585274,284,25,SMN
6806,0.95253132132123,284,27,SMN
6807,0.12611076603617064,284,29,SMN
6808,0.03983270395828418,284,31,SMN
6809,0.09025005766803944,284,17,SMN
6810,0.07014821641066465,284,19,SMN
6811,0.21762636054145132,284,21,SMN
6812,0.548524862771575,284,24,SMN
6813,0.2724351853902235,284,26,SMN
6814,0.18827649723882087,284,28,SMN
6815,0.0032310961968594135,284,30,SMN
6816,0.4857648833691362,285,02,CON
6817,0.22768740759546505,285,03,CON
6818,0.0582966003310988,285,04,CON
6819,0.2868921780312583,285,06,CON
6820,0.009792876204894392,285,08,CON
6821,0.14326982377166037,285,09,CON
6822,0.13919129871539543,285,10,CON
6823,0.13305499505864438,285,12,CON
6824,0.19495714117208826,285,14,CON
6825,0.2904236578104281,285,15,CON
6826,0.05626823590650622,285,18,CON
6827,0.03407640887158881,285,20,CON
6828,0.5300409259641231,285,22,CON
6829,0.007796420461595997,285,25,CON
6830,1.0645167649496297,285,27,CON
6831,0.6261069990164593,285,29,CON
6832,0.10868104721923735,285,31,CON
6833,0.3941014231457294,285,17,CON
6834,0.2500282613359965,285,19,CON
6835,0.3910415150406719,285,21,CON
6836,0.46634519117136713,285,24,CON
6837,0.08769224546574308,285,26,CON
6838,0.005987532122995758,285,28,CON
6839,8.232697837379607e-08,285,30,CON
6840,0.494870520023062,286,02,CON
6841,0.0010764505217555028,286,03,CON
6842,0.08169116136537424,286,04,CON
6843,0.06014878611277927,286,06,CON
6844,0.01252247196934212,286,08,CON
6845,0.0055222180777732,286,09,CON
6846,0.06436208099087895,286,10,CON
6847,0.1404045519843357,286,12,CON
6848,0.004526584143727706,286,14,CON
6849,0.04911048935561102,286,15,CON
6850,2.8528869487952485e-05,286,18,CON
6851,0.06689998042514317,286,20,CON
6852,0.0413874711716478,286,22,CON
6853,0.016573610369537924,286,25,CON
6854,0.7785828324060907,286,27,CON
6855,0.0005490397472742641,286,29,CON
6856,7.303368024976097e-05,286,31,CON
6857,0.011160362174985047,286,17,CON
6858,0.01188113172620563,286,19,CON
6859,0.03046218141049685,286,21,CON
6860,0.055082463122393864,286,24,CON
6861,0.01186376068772523,286,26,CON
6862,0.4515878134263483,286,28,CON
6863,0.0014779015611546594,286,30,CON
6864,0.35163854829029634,287,02,AUD
6865,0.14642501782947462,287,03,AUD
6866,0.037601350016070546,287,04,AUD
6867,0.4530217588562821,287,06,AUD
6868,0.348790696166022,287,08,AUD
6869,0.03619498535791984,287,09,AUD
6870,0.02755175684843922,287,10,AUD
6871,0.015443535216319169,287,12,AUD
6872,0.14479233776974515,287,14,AUD
6873,0.0015735109768822946,287,15,AUD
6874,0.10738763225485817,287,18,AUD
6875,0.13139610098322557,287,20,AUD
6876,0.001543302460084716,287,22,AUD
6877,0.011179713014790562,287,25,AUD
6878,0.10891218996655413,287,27,AUD
6879,0.0032762679178847246,287,29,AUD
6880,0.012724132573259115,287,31,AUD
6881,0.5252251633206775,287,17,AUD
6882,0.004355036024821712,287,19,AUD
6883,0.05641969262198139,287,21,AUD
6884,0.10357260687931297,287,24,AUD
6885,0.19909423042040153,287,26,AUD
6886,0.08843026348836279,287,28,AUD
6887,0.2713802974253174,287,30,AUD
6888,0.8761910484990322,288,02,CON
6889,0.1427663038660414,288,03,CON
6890,0.01348658906739415,288,04,CON
6891,0.8651796355092555,288,06,CON
6892,0.15542888765461357,288,08,CON
6893,0.3272300091223817,288,09,CON
6894,0.5291786124990765,288,10,CON
6895,0.0023583893998091634,288,12,CON
6896,0.4405718219466814,288,14,CON
6897,0.015096942055479621,288,15,CON
6898,0.19022199304953794,288,18,CON
6899,0.03501176760077532,288,20,CON
6900,0.058654536330841306,288,22,CON
6901,0.5051541761835071,288,25,CON
6902,0.5581485134790553,288,27,CON
6903,0.20792583070868229,288,29,CON
6904,0.002015115599980226,288,31,CON
6905,0.23246475693924135,288,17,CON
6906,0.1584919038630232,288,19,CON
6907,0.038720288431341544,288,21,CON
6908,0.16198984120856794,288,24,CON
6909,0.06459337411886983,288,26,CON
6910,0.06988275720392223,288,28,CON
6911,0.002702678692604629,288,30,CON
6912,0.49743305789040176,289,02,CON
6913,0.012983785913771348,289,03,CON
6914,0.012834332578566277,289,04,CON
6915,0.1845047341901808,289,06,CON
6916,0.11078800881698511,289,08,CON
6917,0.0628119274157763,289,09,CON
6918,0.08142369849805861,289,10,CON
6919,0.3058210480374222,289,12,CON
6920,0.01572275910682546,289,14,CON
6921,0.050395231408476585,289,15,CON
6922,0.00016241670364255432,289,18,CON
6923,0.03142522087273455,289,20,CON
6924,0.0002977446295155348,289,22,CON
6925,0.041710125970666,289,25,CON
6926,0.5481853765597475,289,27,CON
6927,0.022035163323877935,289,29,CON
6928,0.11382811935491291,289,31,CON
6929,0.09414084629081247,289,17,CON
6930,0.005197216912886574,289,19,CON
6931,0.11710550670586575,289,21,CON
6932,0.19003265280376844,289,24,CON
6933,0.4197994622753282,289,26,CON
6934,0.30350358461268373,289,28,CON
6935,0.008343190562940412,289,30,CON
6936,0.6207513663159907,290,02,ORA
6937,0.2523383869830944,290,03,ORA
6938,0.5174151983960946,290,04,ORA
6939,0.1770166943397628,290,06,ORA
6940,0.42464255704216886,290,08,ORA
6941,0.03520980719457515,290,09,ORA
6942,1.1870423571882103,290,10,ORA
6943,0.04769350078177614,290,12,ORA
6944,0.23084497270334312,290,14,ORA
6945,0.34226450462856495,290,15,ORA
6946,0.19195010913579805,290,18,ORA
6947,0.21790334772136208,290,20,ORA
6948,0.14397624201481993,290,22,ORA
6949,0.06628525569361025,290,25,ORA
6950,1.014258129926477,290,27,ORA
6951,0.41192190495343645,290,29,ORA
6952,0.43092633848892103,290,31,ORA
6953,0.3788817644591107,290,17,ORA
6954,0.30609035541931606,290,19,ORA
6955,0.23478086173215323,290,21,ORA
6956,0.8318363157978234,290,24,ORA
6957,0.009110712681576918,290,26,ORA
6958,0.09794464077469618,290,28,ORA
6959,0.0034732882324337126,290,30,ORA
6960,0.9040576942522977,291,02,FPN
6961,0.02257658232636527,291,03,FPN
6962,0.003921371439527662,291,04,FPN
6963,0.20960147644408528,291,06,FPN
6964,0.2990696534193059,291,08,FPN
6965,0.014925604307511173,291,09,FPN
6966,0.11716708286394825,291,10,FPN
6967,0.3078701213997359,291,12,FPN
6968,0.17481841174420398,291,14,FPN
6969,0.004471420404970579,291,15,FPN
6970,0.06239240262472715,291,18,FPN
6971,0.254785194085553,291,20,FPN
6972,0.22690531881491138,291,22,FPN
6973,0.16156955517668467,291,25,FPN
6974,0.5524929852391262,291,27,FPN
6975,0.35849984979972066,291,29,FPN
6976,0.0029399519232599035,291,31,FPN
6977,0.4966106584956594,291,17,FPN
6978,0.03640298436669788,291,19,FPN
6979,0.06886293780582564,291,21,FPN
6980,0.5117024839431435,291,24,FPN
6981,0.3122383117057206,291,26,FPN
6982,0.06630559174233423,291,28,FPN
6983,0.06952978333950888,291,30,FPN
6984,0.14319608918709242,292,02,ORA
6985,0.32016531073720306,292,03,ORA
6986,0.000397942375691224,292,04,ORA
6987,0.07504827547316105,292,06,ORA
6988,0.06915059165718969,292,08,ORA
6989,0.010440408377089011,292,09,ORA
6990,0.32707751487411035,292,10,ORA
6991,0.10073650015438197,292,12,ORA
6992,0.04683895669936184,292,14,ORA
6993,0.053152874499892304,292,15,ORA
6994,0.22051367919677925,292,18,ORA
6995,0.03218001073108973,292,20,ORA
6996,0.007699665498449368,292,22,ORA
6997,0.06404014347553909,292,25,ORA
6998,1.0468936927639911,292,27,ORA
6999,0.0717067846032406,292,29,ORA
7000,0.07397855172047628,292,31,ORA
7001,0.48409563414524964,292,17,ORA
7002,0.18240239923018817,292,19,ORA
7003,0.3665798473674819,292,21,ORA
7004,0.8243365296679642,292,24,ORA
7005,0.081083965738716,292,26,ORA
7006,0.28428781566380085,292,28,ORA
7007,0.009445683622459568,292,30,ORA
7008,0.21425744276593553,293,02,CON
7009,0.52129588785766,293,03,CON
7010,0.08360721972080123,293,04,CON
7011,0.05326720729666252,293,06,CON
7012,0.06507232672712399,293,08,CON
7013,0.05552628087418956,293,09,CON
7014,0.45475089754481846,293,10,CON
7015,0.005609786980700406,293,12,CON
7016,0.05300007028031575,293,14,CON
7017,0.01644767021766498,293,15,CON
7018,0.34466152275220174,293,18,CON
7019,0.24683654461798024,293,20,CON
7020,0.16767218337543782,293,22,CON
7021,0.06700939272029464,293,25,CON
7022,0.9679002259412786,293,27,CON
7023,0.034214847140341384,293,29,CON
7024,0.031470947301581065,293,31,CON
7025,0.32359948863333926,293,17,CON
7026,0.07104842086920603,293,19,CON
7027,0.014893132211009283,293,21,CON
7028,0.35040021073296135,293,24,CON
7029,0.11637814631246828,293,26,CON
7030,0.25110436944985115,293,28,CON
7031,0.007864825089805698,293,30,CON
7032,0.6687273906468028,294,02,CON
7033,0.021445997322009126,294,03,CON
7034,0.1125386615257067,294,04,CON
7035,0.24012263411789003,294,06,CON
7036,0.22221281550977856,294,08,CON
7037,0.13691333072804684,294,09,CON
7038,0.04077734482879182,294,10,CON
7039,0.006815846463170164,294,12,CON
7040,0.002678887907640909,294,14,CON
7041,0.08043685171668599,294,15,CON
7042,0.009868454787121443,294,18,CON
7043,0.21833135058181302,294,20,CON
7044,0.06460032647503205,294,22,CON
7045,0.10341430729695768,294,25,CON
7046,0.43638937644806153,294,27,CON
7047,0.28051157102439783,294,29,CON
7048,0.08995732516423868,294,31,CON
7049,0.5266615935968777,294,17,CON
7050,0.08827278087782293,294,19,CON
7051,0.06226532717387256,294,21,CON
7052,0.05972860310645133,294,24,CON
7053,0.022706273849273973,294,26,CON
7054,0.2056795586765711,294,28,CON
7055,0.5790652696432937,294,30,CON
7056,0.811698619471517,295,02,SMN
7057,0.2540861986985917,295,03,SMN
7058,0.007355709230759608,295,04,SMN
7059,0.22630946566599472,295,06,SMN
7060,0.0017552896577423531,295,08,SMN
7061,0.008722456999674137,295,09,SMN
7062,0.4984401549489955,295,10,SMN
7063,0.0174187486854847,295,12,SMN
7064,0.008012942716616765,295,14,SMN
7065,0.0369113014850892,295,15,SMN
7066,0.05308301048566185,295,18,SMN
7067,0.05731071306681845,295,20,SMN
7068,0.49117703767040427,295,22,SMN
7069,0.07888063610301946,295,25,SMN
7070,0.7027497895587637,295,27,SMN
7071,0.22456327811778926,295,29,SMN
7072,0.0916491071669406,295,31,SMN
7073,0.08375859403396999,295,17,SMN
7074,0.01310586136475197,295,19,SMN
7075,0.005371785922994184,295,21,SMN
7076,0.367889635626432,295,24,SMN
7077,0.07259696469921963,295,26,SMN
7078,0.18975627982713283,295,28,SMN
7079,0.003247167318340133,295,30,SMN
7080,0.5276943863854994,296,02,DAN
7081,0.3542509447160353,296,03,DAN
7082,0.1426750989541696,296,04,DAN
7083,0.21307961093201,296,06,DAN
7084,0.44129649310680485,296,08,DAN
7085,0.8453160971401814,296,09,DAN
7086,1.3258248976976443,296,10,DAN
7087,0.11215215029906671,296,12,DAN
7088,0.997545108998947,296,14,DAN
7089,0.15352149686522498,296,15,DAN
7090,0.3212751476660627,296,18,DAN
7091,0.3141994463117078,296,20,DAN
7092,0.7868270201714542,296,22,DAN
7093,0.06513227076551098,296,25,DAN
7094,1.3072863137193236,296,27,DAN
7095,0.23315968342896248,296,29,DAN
7096,0.17335290270164727,296,31,DAN
7097,0.4001292311999605,296,17,DAN
7098,0.2583152279624059,296,19,DAN
7099,0.3414151265714654,296,21,DAN
7100,0.5946110191038657,296,24,DAN
7101,0.02944784278445692,296,26,DAN
7102,0.0013878836992134722,296,28,DAN
7103,0.16825680108245297,296,30,DAN
7104,1.2919167950680723,297,02,DAN
7105,0.8418984612869028,297,03,DAN
7106,0.18241095768464807,297,04,DAN
7107,0.6555422202457124,297,06,DAN
7108,0.6435108819177588,297,08,DAN
7109,0.5923349425316048,297,09,DAN
7110,0.6572012507032027,297,10,DAN
7111,0.41424384139839127,297,12,DAN
7112,0.4508483321583344,297,14,DAN
7113,0.4782931026732136,297,15,DAN
7114,0.37468956279246646,297,18,DAN
7115,0.5570104960873333,297,20,DAN
7116,0.3728546761460587,297,22,DAN
7117,0.31570421426994166,297,25,DAN
7118,1.2996870746319806,297,27,DAN
7119,1.1148859092294092,297,29,DAN
7120,0.3168368461326212,297,31,DAN
7121,0.704773822702568,297,17,DAN
7122,0.29538643152020655,297,19,DAN
7123,0.6393954492486136,297,21,DAN
7124,0.8605229459191059,297,24,DAN
7125,0.4814430205614215,297,26,DAN
7126,0.01742210056125061,297,28,DAN
7127,0.03413648451607575,297,30,DAN
7128,0.9216773845939119,298,02,DMN
7129,0.38340181627828923,298,03,DMN
7130,0.385025510128075,298,04,DMN
7131,0.6335875492251636,298,06,DMN
7132,0.06606362591970548,298,08,DMN
7133,0.310531103278883,298,09,DMN
7134,0.7522618086744262,298,10,DMN
7135,0.223525728572944,298,12,DMN
7136,0.001009646072952016,298,14,DMN
7137,0.45961335142786225,298,15,DMN
7138,0.1394921784482045,298,18,DMN
7139,0.4343343448976247,298,20,DMN
7140,0.4223694813995002,298,22,DMN
7141,0.42323061609534063,298,25,DMN
7142,0.5967556005288636,298,27,DMN
7143,0.423191489282591,298,29,DMN
7144,0.1525568826673782,298,31,DMN
7145,0.3787015649237867,298,17,DMN
7146,0.33508055206573634,298,19,DMN
7147,5.2562829557802945e-06,298,21,DMN
7148,0.5804305721273519,298,24,DMN
7149,0.684827606711749,298,26,DMN
7150,0.008954865692265416,298,28,DMN
7151,0.13666082950093317,298,30,DMN
7152,0.29461584264456553,299,02,DMN
7153,0.22686319745558856,299,03,DMN
7154,0.0325210404177377,299,04,DMN
7155,0.16830656050069445,299,06,DMN
7156,0.05913761235960154,299,08,DMN
7157,0.11357801128427164,299,09,DMN
7158,0.06642280952899368,299,10,DMN
7159,0.007045172912334041,299,12,DMN
7160,0.32476014799212777,299,14,DMN
7161,0.30908816556467344,299,15,DMN
7162,0.04609044240196036,299,18,DMN
7163,0.14742955237480151,299,20,DMN
7164,0.19816562343962646,299,22,DMN
7165,0.026780647534787712,299,25,DMN
7166,0.13011942379492403,299,27,DMN
7167,0.09178766752054085,299,29,DMN
7168,0.009408401856528092,299,31,DMN
7169,0.03295390508782722,299,17,DMN
7170,0.2373937206412369,299,19,DMN
7171,0.011625516053704958,299,21,DMN
7172,0.20246692897354293,299,24,DMN
7173,2.5023504187822014e-05,299,26,DMN
7174,0.048452630000497814,299,28,DMN
7175,0.0537024490991737,299,30,DMN
7176,0.3306830461159565,300,02,DMN
7177,0.4432666236439228,300,03,DMN
7178,0.1156489742948523,300,04,DMN
7179,0.5585106489686313,300,06,DMN
7180,0.0879876844823815,300,08,DMN
7181,0.10782698469764461,300,09,DMN
7182,0.05437091301197302,300,10,DMN
7183,0.04517941876557483,300,12,DMN
7184,0.002182122388139272,300,14,DMN
7185,0.007259775201153996,300,15,DMN
7186,0.09155998677362634,300,18,DMN
7187,0.028979311085011936,300,20,DMN
7188,0.7908412997579366,300,22,DMN
7189,0.008267836498090503,300,25,DMN
7190,0.12589882892735035,300,27,DMN
7191,0.03994845864782235,300,29,DMN
7192,0.023053237141147796,300,31,DMN
7193,0.1979407523164784,300,17,DMN
7194,0.2810697512456082,300,19,DMN
7195,0.014583640652207507,300,21,DMN
7196,0.14655945833499592,300,24,DMN
7197,3.37274991698549e-05,300,26,DMN
7198,0.021960517724676516,300,28,DMN
7199,0.09890309120648978,300,30,DMN
7200,0.3546048941374359,301,02,VIS1
7201,0.40403051040597293,301,03,VIS1
7202,0.2695214026221457,301,04,VIS1
7203,0.2202595887305564,301,06,VIS1
7204,0.07120200503001699,301,08,VIS1
7205,0.04846220070742793,301,09,VIS1
7206,0.2642440965554045,301,10,VIS1
7207,0.021880968032936335,301,12,VIS1
7208,0.13502051826744985,301,14,VIS1
7209,0.5739169221759657,301,15,VIS1
7210,0.20620878839068274,301,18,VIS1
7211,0.13527710236810453,301,20,VIS1
7212,0.2026505764520448,301,22,VIS1
7213,0.14321092385263529,301,25,VIS1
7214,0.5279573124250443,301,27,VIS1
7215,0.21044389781198217,301,29,VIS1
7216,0.12515619099103217,301,31,VIS1
7217,0.31622685895609254,301,17,VIS1
7218,0.1271584308909521,301,19,VIS1
7219,0.012085925900915204,301,21,VIS1
7220,0.49924301206055055,301,24,VIS1
7221,0.3435325180873107,301,26,VIS1
7222,0.09603563245499439,301,28,VIS1
7223,0.43951532283119077,301,30,VIS1
7224,1.6138316967061797,302,02,VMM
7225,1.5023120411968685,302,03,VMM
7226,0.48018364339729674,302,04,VMM
7227,0.6339226778480684,302,06,VMM
7228,0.19271233486984415,302,08,VMM
7229,0.5243683368680264,302,09,VMM
7230,1.0930967221803665,302,10,VMM
7231,0.1273834603796517,302,12,VMM
7232,0.4022616930782252,302,14,VMM
7233,0.777278460919067,302,15,VMM
7234,0.22232709598732348,302,18,VMM
7235,0.1902590393492447,302,20,VMM
7236,0.34585353277201397,302,22,VMM
7237,0.53838134562294,302,25,VMM
7238,0.766907321240645,302,27,VMM
7239,0.544986577614711,302,29,VMM
7240,0.19004916247297773,302,31,VMM
7241,1.0394052044838549,302,17,VMM
7242,0.1739998894136884,302,19,VMM
7243,0.29556137118666775,302,21,VMM
7244,1.609325884201191,302,24,VMM
7245,0.7647812945944027,302,26,VMM
7246,0.07988251756689366,302,28,VMM
7247,0.10134288153970539,302,30,VMM
7248,0.1563241108475307,303,02,LAN
7249,0.022343911574637356,303,03,LAN
7250,0.02005263380665442,303,04,LAN
7251,0.43868281965681144,303,06,LAN
7252,0.060268057098019114,303,08,LAN
7253,0.06575285080511376,303,09,LAN
7254,0.0860031226247122,303,10,LAN
7255,0.08674668191006304,303,12,LAN
7256,0.3394262691627703,303,14,LAN
7257,0.003946296746734242,303,15,LAN
7258,0.34332991148900727,303,18,LAN
7259,0.02430195982691403,303,20,LAN
7260,0.0034696740130725373,303,22,LAN
7261,0.3383632089356928,303,25,LAN
7262,0.0033870231127721894,303,27,LAN
7263,0.1047203848555344,303,29,LAN
7264,0.0376738520466122,303,31,LAN
7265,0.11523765293003335,303,17,LAN
7266,0.08474982387130553,303,19,LAN
7267,0.07978771528384707,303,21,LAN
7268,0.1389933373168317,303,24,LAN
7269,0.012339002956533734,303,26,LAN
7270,0.013531627764830861,303,28,LAN
7271,3.837714499253186e-05,303,30,LAN
7272,0.21208104035215872,304,02,AUD
7273,0.5635278049179928,304,03,AUD
7274,0.020228200845264804,304,04,AUD
7275,0.19607033513994848,304,06,AUD
7276,0.027939090575367538,304,08,AUD
7277,0.0020555315269127445,304,09,AUD
7278,0.5703004466196416,304,10,AUD
7279,0.0065933682802963405,304,12,AUD
7280,0.25264847908135596,304,14,AUD
7281,0.34608780343978485,304,15,AUD
7282,0.07687195504799711,304,18,AUD
7283,7.365555931079414e-05,304,20,AUD
7284,0.45480369384274905,304,22,AUD
7285,0.0963305369167926,304,25,AUD
7286,0.38883087676498457,304,27,AUD
7287,0.1695370469667487,304,29,AUD
7288,0.0008781776644771796,304,31,AUD
7289,0.161373948532713,304,17,AUD
7290,0.14590417774266556,304,19,AUD
7291,4.856336939270732e-05,304,21,AUD
7292,0.2464807943519588,304,24,AUD
7293,0.07767758072517109,304,26,AUD
7294,0.0009800186712062373,304,28,AUD
7295,0.03567097009811905,304,30,AUD
7296,0.48991809819918025,305,02,LAN
7297,0.3639152324980845,305,03,LAN
7298,0.4923061900431009,305,04,LAN
7299,0.5128305268751975,305,06,LAN
7300,0.22607531556675348,305,08,LAN
7301,0.2160798177928722,305,09,LAN
7302,0.8070546367411459,305,10,LAN
7303,0.11697237474370291,305,12,LAN
7304,0.7171395912585978,305,14,LAN
7305,0.0037923732653684073,305,15,LAN
7306,0.6260381588577082,305,18,LAN
7307,0.15581453983847598,305,20,LAN
7308,0.008066020437810378,305,22,LAN
7309,0.10503240318136406,305,25,LAN
7310,0.30854854910958235,305,27,LAN
7311,0.3059516243721339,305,29,LAN
7312,0.007770647963084786,305,31,LAN
7313,0.23068818932060345,305,17,LAN
7314,0.23241077819813474,305,19,LAN
7315,0.0012331802585791017,305,21,LAN
7316,0.3358036249770956,305,24,LAN
7317,0.1618297785503748,305,26,LAN
7318,0.05946276586484191,305,28,LAN
7319,0.1510094308638938,305,30,LAN
7320,0.10471136086577862,306,02,DMN
7321,0.07659645772396687,306,03,DMN
7322,0.1742655066811097,306,04,DMN
7323,0.08402124703297768,306,06,DMN
7324,0.02046910830229094,306,08,DMN
7325,0.032222850708720836,306,09,DMN
7326,0.041185592337173296,306,10,DMN
7327,0.002878566180873256,306,12,DMN
7328,0.05880163171630896,306,14,DMN
7329,0.05350990483938401,306,15,DMN
7330,0.0555839339203299,306,18,DMN
7331,0.10708587457533864,306,20,DMN
7332,0.39932288023428564,306,22,DMN
7333,0.08402805431733153,306,25,DMN
7334,0.16997089515900804,306,27,DMN
7335,0.08410238599746245,306,29,DMN
7336,0.1414596125733588,306,31,DMN
7337,0.16082746314430654,306,17,DMN
7338,2.0244573771334665e-05,306,19,DMN
7339,0.00947803287486859,306,21,DMN
7340,0.2271779122003974,306,24,DMN
7341,0.15023718173276698,306,26,DMN
7342,0.08377360779532696,306,28,DMN
7343,0.15326053893060368,306,30,DMN
7344,0.9187051300240264,307,02,DAN
7345,0.924688323119927,307,03,DAN
7346,0.17974223407125167,307,04,DAN
7347,0.4861119737601972,307,06,DAN
7348,0.4346647358056677,307,08,DAN
7349,0.4978714473613935,307,09,DAN
7350,0.7095829983354153,307,10,DAN
7351,0.14044044741706901,307,12,DAN
7352,0.0009384045736880062,307,14,DAN
7353,0.38310819014249464,307,15,DAN
7354,0.22548824627966566,307,18,DAN
7355,0.04732550509392513,307,20,DAN
7356,0.616794353556223,307,22,DAN
7357,0.49121362713695044,307,25,DAN
7358,1.176968102531163,307,27,DAN
7359,0.7552009224962267,307,29,DAN
7360,0.1335528334434763,307,31,DAN
7361,0.6024570736604048,307,17,DAN
7362,0.3921619285862368,307,19,DAN
7363,0.16334382534827285,307,21,DAN
7364,0.3854719796327023,307,24,DAN
7365,0.3852444302735045,307,26,DAN
7366,0.17615262466014112,307,28,DAN
7367,0.2202980725019445,307,30,DAN
7368,0.25199519074615306,308,02,DMN
7369,0.2282317410599808,308,03,DMN
7370,0.05276524501527276,308,04,DMN
7371,0.5265151399496178,308,06,DMN
7372,0.009563940756554513,308,08,DMN
7373,0.0255707843344008,308,09,DMN
7374,0.7784409030523685,308,10,DMN
7375,0.0011707126043095056,308,12,DMN
7376,0.11641718035184155,308,14,DMN
7377,0.041624072686857444,308,15,DMN
7378,0.010884883721782248,308,18,DMN
7379,0.3075118924343147,308,20,DMN
7380,0.03044343029225779,308,22,DMN
7381,0.15045930652043663,308,25,DMN
7382,0.2538436333754577,308,27,DMN
7383,0.13412575359299875,308,29,DMN
7384,0.11808598452436928,308,31,DMN
7385,0.016445249104024146,308,17,DMN
7386,0.09986754882588804,308,19,DMN
7387,0.023748886136853192,308,21,DMN
7388,0.22887879823660526,308,24,DMN
7389,0.06453186629656205,308,26,DMN
7390,0.08004966051281098,308,28,DMN
7391,0.2912588377194834,308,30,DMN
7392,1.1290227835320628,309,02,LAN
7393,0.16793303348252367,309,03,LAN
7394,0.2722659766265691,309,04,LAN
7395,0.4607155320896933,309,06,LAN
7396,0.09586718217527378,309,08,LAN
7397,0.24817051128128506,309,09,LAN
7398,0.6750988763330301,309,10,LAN
7399,0.05145068369673831,309,12,LAN
7400,0.9119927286882283,309,14,LAN
7401,0.00011969465239897441,309,15,LAN
7402,0.44597339250945284,309,18,LAN
7403,0.21889657381952646,309,20,LAN
7404,0.10381573125203411,309,22,LAN
7405,0.03197067554026468,309,25,LAN
7406,1.2073910116785866,309,27,LAN
7407,0.41772084869758397,309,29,LAN
7408,0.04441519072085553,309,31,LAN
7409,0.36983315338812983,309,17,LAN
7410,0.37509150204094144,309,19,LAN
7411,0.0009785592982655042,309,21,LAN
7412,0.6953491690844348,309,24,LAN
7413,0.04020868541791689,309,26,LAN
7414,0.00016786470988050027,309,28,LAN
7415,0.2227904999279417,309,30,LAN
7416,0.46443902215991606,310,02,DMN
7417,0.3995397892850806,310,03,DMN
7418,0.23621340201296423,310,04,DMN
7419,0.24791282083802915,310,06,DMN
7420,0.28708414266811944,310,08,DMN
7421,0.07992890423642504,310,09,DMN
7422,0.7524077534730212,310,10,DMN
7423,0.013738098051229606,310,12,DMN
7424,0.3332764257517618,310,14,DMN
7425,0.07631251807576361,310,15,DMN
7426,0.309266460978578,310,18,DMN
7427,0.23682286646160355,310,20,DMN
7428,0.40594235291540404,310,22,DMN
7429,0.22449139387727368,310,25,DMN
7430,0.8668541822766647,310,27,DMN
7431,0.1488116021731111,310,29,DMN
7432,0.06384153982822342,310,31,DMN
7433,0.5553011224310266,310,17,DMN
7434,0.2648816378764948,310,19,DMN
7435,0.08987852025811084,310,21,DMN
7436,0.5177566218055691,310,24,DMN
7437,0.2222364048355206,310,26,DMN
7438,0.04375903853421214,310,28,DMN
7439,0.05158889642981237,310,30,DMN
7440,0.48914982207542723,311,02,DMN
7441,1.3662003605306718,311,03,DMN
7442,0.004621858682109444,311,04,DMN
7443,0.9262490182326265,311,06,DMN
7444,0.12554479445847236,311,08,DMN
7445,0.3673877547313042,311,09,DMN
7446,0.5126954546033692,311,10,DMN
7447,0.1177577670349603,311,12,DMN
7448,0.3585956782432209,311,14,DMN
7449,0.40797633421216317,311,15,DMN
7450,0.013936186244278885,311,18,DMN
7451,0.22921307938400332,311,20,DMN
7452,0.6105458693843726,311,22,DMN
7453,0.5545950206794886,311,25,DMN
7454,1.199763060255746,311,27,DMN
7455,0.02864973941992302,311,29,DMN
7456,0.0703910983271193,311,31,DMN
7457,0.5565470988133834,311,17,DMN
7458,0.29185380461936367,311,19,DMN
7459,0.3371326217427854,311,21,DMN
7460,0.7176785661409166,311,24,DMN
7461,0.1866510311931791,311,26,DMN
7462,0.2656079979550862,311,28,DMN
7463,0.0014895760523709325,311,30,DMN
7464,0.05347038569476535,312,02,DMN
7465,0.30441239144702353,312,03,DMN
7466,0.08074336025240095,312,04,DMN
7467,0.07692979964543546,312,06,DMN
7468,0.23726868025132022,312,08,DMN
7469,0.18184028537150948,312,09,DMN
7470,0.06902320506709733,312,10,DMN
7471,0.0547984471013473,312,12,DMN
7472,0.06983512319007061,312,14,DMN
7473,0.0023829714363719913,312,15,DMN
7474,0.01581920435867187,312,18,DMN
7475,0.19407900639245781,312,20,DMN
7476,0.10112337986956889,312,22,DMN
7477,0.1591604657387242,312,25,DMN
7478,0.5621872548812505,312,27,DMN
7479,0.006419429930188384,312,29,DMN
7480,0.014542845385711718,312,31,DMN
7481,0.14047318914355927,312,17,DMN
7482,0.08395939557565053,312,19,DMN
7483,0.022191209643802452,312,21,DMN
7484,0.362313169530758,312,24,DMN
7485,0.012177228104171586,312,26,DMN
7486,0.23449076956040218,312,28,DMN
7487,5.819823096491192e-05,312,30,DMN
7488,1.8159803565561718,313,02,FPN
7489,1.3413911371573892,313,03,FPN
7490,1.2793969359781494,313,04,FPN
7491,0.4436492128644445,313,06,FPN
7492,0.6426649419521507,313,08,FPN
7493,0.771253299147538,313,09,FPN
7494,0.48950231806627215,313,10,FPN
7495,0.37213995186647114,313,12,FPN
7496,0.842734590648092,313,14,FPN
7497,0.6846452464061833,313,15,FPN
7498,0.2622503592450409,313,18,FPN
7499,0.7836521254335351,313,20,FPN
7500,0.49717024101654445,313,22,FPN
7501,0.8335958742447419,313,25,FPN
7502,1.3913990371164793,313,27,FPN
7503,1.2607470369858444,313,29,FPN
7504,0.5617374364043878,313,31,FPN
7505,0.7799113604999056,313,17,FPN
7506,0.2699803245853785,313,19,FPN
7507,0.2001823915008117,313,21,FPN
7508,0.8457970458744444,313,24,FPN
7509,0.949028179111708,313,26,FPN
7510,0.1095740203461578,313,28,FPN
7511,7.294248632643608e-05,313,30,FPN
7512,0.04758133050892296,314,02,DMN
7513,0.12984547390105167,314,03,DMN
7514,0.10713929324251574,314,04,DMN
7515,0.2493713001338758,314,06,DMN
7516,0.05711863860142126,314,08,DMN
7517,0.42643644622429283,314,09,DMN
7518,0.3521650512504945,314,10,DMN
7519,0.011594553654246364,314,12,DMN
7520,0.02044806338499296,314,14,DMN
7521,0.05525031668301574,314,15,DMN
7522,0.33543659953665034,314,18,DMN
7523,0.4097633120269448,314,20,DMN
7524,0.000412467594551084,314,22,DMN
7525,0.06251097427785052,314,25,DMN
7526,0.5562504799365259,314,27,DMN
7527,0.19960469384486937,314,29,DMN
7528,0.10809754597317803,314,31,DMN
7529,0.4469047863912429,314,17,DMN
7530,0.029710353884673937,314,19,DMN
7531,0.0029768647075228342,314,21,DMN
7532,0.2356975209107246,314,24,DMN
7533,0.05615708705256507,314,26,DMN
7534,0.14579756653345485,314,28,DMN
7535,0.1826369707047497,314,30,DMN
7536,0.5784676941545833,315,02,VMM
7537,0.3412921119069172,315,03,VMM
7538,0.06820053406342654,315,04,VMM
7539,0.3957190080121251,315,06,VMM
7540,0.0040466315113308155,315,08,VMM
7541,0.21548114517639777,315,09,VMM
7542,0.6300855803852328,315,10,VMM
7543,0.06221256303387058,315,12,VMM
7544,0.08309268270547655,315,14,VMM
7545,0.44384940418898966,315,15,VMM
7546,0.19331408316877277,315,18,VMM
7547,0.0895219368741468,315,20,VMM
7548,0.29539763660675433,315,22,VMM
7549,0.11279882315634424,315,25,VMM
7550,0.3787004747619023,315,27,VMM
7551,0.42046420451297667,315,29,VMM
7552,0.20354834936082902,315,31,VMM
7553,0.5767337772817301,315,17,VMM
7554,0.44522280437352746,315,19,VMM
7555,0.047588740896228145,315,21,VMM
7556,0.5800158333974793,315,24,VMM
7557,0.20614697037309668,315,26,VMM
7558,0.00010393072736224678,315,28,VMM
7559,0.07227452207063348,315,30,VMM
7560,0.6690220643873672,316,02,DAN
7561,0.7623485470758679,316,03,DAN
7562,0.8197201819348257,316,04,DAN
7563,0.7137818500586023,316,06,DAN
7564,0.3859786211034216,316,08,DAN
7565,0.4239317948063815,316,09,DAN
7566,1.0177497563704818,316,10,DAN
7567,0.04319538616173418,316,12,DAN
7568,0.45926704264914864,316,14,DAN
7569,0.22434429946110063,316,15,DAN
7570,0.0007690110654381721,316,18,DAN
7571,0.2431103613626134,316,20,DAN
7572,0.21102342403870059,316,22,DAN
7573,0.3750557281068865,316,25,DAN
7574,0.8156640918165255,316,27,DAN
7575,0.36431080052099174,316,29,DAN
7576,0.25582912846366823,316,31,DAN
7577,0.6498112153903721,316,17,DAN
7578,0.49748722255044503,316,19,DAN
7579,0.5833792443541128,316,21,DAN
7580,1.3820453169528006,316,24,DAN
7581,0.26105010463463896,316,26,DAN
7582,0.02509753145421879,316,28,DAN
7583,0.21884188204316785,316,30,DAN
7584,1.7018391090498195,317,02,DAN
7585,1.237139994445431,317,03,DAN
7586,0.9248260771933456,317,04,DAN
7587,0.6662260497281293,317,06,DAN
7588,0.5128605669442996,317,08,DAN
7589,1.0073694851844481,317,09,DAN
7590,0.7584841607646019,317,10,DAN
7591,0.9460485415943417,317,12,DAN
7592,0.30334333699879334,317,14,DAN
7593,0.5654827056490443,317,15,DAN
7594,0.3658820712844051,317,18,DAN
7595,0.8939512681972808,317,20,DAN
7596,0.2136081767261212,317,22,DAN
7597,0.5859928099968664,317,25,DAN
7598,1.4663707817725462,317,27,DAN
7599,1.3656740311777662,317,29,DAN
7600,0.15603433193691557,317,31,DAN
7601,0.672340094318217,317,17,DAN
7602,0.28474840707944493,317,19,DAN
7603,0.16146826607660483,317,21,DAN
7604,0.35909661757871414,317,24,DAN
7605,0.7121671276711686,317,26,DAN
7606,0.054997192581100585,317,28,DAN
7607,0.02182786317991574,317,30,DAN
7608,0.6878390306274584,318,02,VIS2
7609,0.7227723843351977,318,03,VIS2
7610,0.9150508758020757,318,04,VIS2
7611,0.5899153901261621,318,06,VIS2
7612,0.20847160999980016,318,08,VIS2
7613,0.4523165874801606,318,09,VIS2
7614,0.9372875136383376,318,10,VIS2
7615,0.28672862924239645,318,12,VIS2
7616,0.7472822815698843,318,14,VIS2
7617,0.47426294890752796,318,15,VIS2
7618,0.5190851805065165,318,18,VIS2
7619,0.6633310903317773,318,20,VIS2
7620,0.24796983167248968,318,22,VIS2
7621,0.48629660395758595,318,25,VIS2
7622,0.8803137066967612,318,27,VIS2
7623,0.47731603830906366,318,29,VIS2
7624,0.7997290674969123,318,31,VIS2
7625,0.8854725971265639,318,17,VIS2
7626,0.1393082831963639,318,19,VIS2
7627,0.1644592375687758,318,21,VIS2
7628,0.8613525891645322,318,24,VIS2
7629,0.9917520523134624,318,26,VIS2
7630,0.020967040899295433,318,28,VIS2
7631,0.038560658315201335,318,30,VIS2
7632,0.6665722160124242,319,02,LAN
7633,0.697381872707806,319,03,LAN
7634,0.5542870371653755,319,04,LAN
7635,0.6229858247998253,319,06,LAN
7636,0.4480808007588603,319,08,LAN
7637,0.12039448993601977,319,09,LAN
7638,0.9205993535525346,319,10,LAN
7639,0.3308037891391981,319,12,LAN
7640,1.0144964894604984,319,14,LAN
7641,0.25054922331949603,319,15,LAN
7642,0.6187142093192185,319,18,LAN
7643,0.21400031752074508,319,20,LAN
7644,0.21427263317245104,319,22,LAN
7645,0.13117445207621284,319,25,LAN
7646,1.4184022253708022,319,27,LAN
7647,0.09950670555799049,319,29,LAN
7648,0.1394190510316617,319,31,LAN
7649,0.28899809525338205,319,17,LAN
7650,0.09090035349874988,319,19,LAN
7651,0.010105216527385158,319,21,LAN
7652,0.6065499184623825,319,24,LAN
7653,0.2913288594907019,319,26,LAN
7654,0.04854714473632779,319,28,LAN
7655,0.35680019039288546,319,30,LAN
7656,1.013882419073735,320,02,PMULTI
7657,0.7776027537406728,320,03,PMULTI
7658,0.25388833034994684,320,04,PMULTI
7659,0.546002715448777,320,06,PMULTI
7660,0.26169756149279894,320,08,PMULTI
7661,0.3610624555357201,320,09,PMULTI
7662,0.9196973141757904,320,10,PMULTI
7663,0.3663492842546513,320,12,PMULTI
7664,0.1961012246502958,320,14,PMULTI
7665,0.390247058982712,320,15,PMULTI
7666,0.039808494362884556,320,18,PMULTI
7667,0.3068770384351244,320,20,PMULTI
7668,0.1803554299316496,320,22,PMULTI
7669,0.22257832417833237,320,25,PMULTI
7670,1.3766036137152982,320,27,PMULTI
7671,1.5251603972086822,320,29,PMULTI
7672,0.005346805154668763,320,31,PMULTI
7673,0.6028800017005421,320,17,PMULTI
7674,0.10586664069618158,320,19,PMULTI
7675,0.06090812138060486,320,21,PMULTI
7676,0.6981791131130343,320,24,PMULTI
7677,0.37724797739162147,320,26,PMULTI
7678,0.0021189539906611827,320,28,PMULTI
7679,0.13638546116287253,320,30,PMULTI
7680,1.4324751375552998,321,02,PMULTI
7681,1.1606115646092772,321,03,PMULTI
7682,0.16558429174061748,321,04,PMULTI
7683,0.29970257898893093,321,06,PMULTI
7684,0.2141914197526401,321,08,PMULTI
7685,0.4590743263344551,321,09,PMULTI
7686,0.5878883016370645,321,10,PMULTI
7687,0.005491113521607983,321,12,PMULTI
7688,0.639549587827745,321,14,PMULTI
7689,0.35256349598104486,321,15,PMULTI
7690,0.4539385987095053,321,18,PMULTI
7691,0.012608537972410907,321,20,PMULTI
7692,0.3621883456013351,321,22,PMULTI
7693,0.08627637357122346,321,25,PMULTI
7694,0.7502226899773182,321,27,PMULTI
7695,0.44637215265795005,321,29,PMULTI
7696,0.12160474174056439,321,31,PMULTI
7697,0.5624608554750756,321,17,PMULTI
7698,0.5834424964309975,321,19,PMULTI
7699,0.409314723449404,321,21,PMULTI
7700,0.9996915015888574,321,24,PMULTI
7701,0.09519544440677784,321,26,PMULTI
7702,0.003484227371984697,321,28,PMULTI
7703,0.3672943683635506,321,30,PMULTI
7704,0.8691586553268376,322,02,VIS1
7705,0.49487159637679917,322,03,VIS1
7706,0.29853735880124804,322,04,VIS1
7707,0.620762179270746,322,06,VIS1
7708,0.472087895871103,322,08,VIS1
7709,0.21622106010494116,322,09,VIS1
7710,0.3282019506725275,322,10,VIS1
7711,0.10067539153614928,322,12,VIS1
7712,0.19136701679403723,322,14,VIS1
7713,0.5765786994068225,322,15,VIS1
7714,0.646584314258826,322,18,VIS1
7715,0.11188843704710197,322,20,VIS1
7716,0.7673130322596403,322,22,VIS1
7717,0.0035558400667543735,322,25,VIS1
7718,0.741579470064749,322,27,VIS1
7719,0.9482214883125984,322,29,VIS1
7720,0.4999860861577798,322,31,VIS1
7721,0.6072052806290386,322,17,VIS1
7722,0.17021242440138687,322,19,VIS1
7723,0.12290959143595408,322,21,VIS1
7724,0.7380624990939605,322,24,VIS1
7725,0.43505262175358594,322,26,VIS1
7726,0.0003676156514312277,322,28,VIS1
7727,0.19723359509407706,322,30,VIS1
7728,0.7355391513867958,323,02,DAN
7729,1.0553960842847778,323,03,DAN
7730,0.1015535210137776,323,04,DAN
7731,0.2567046720837634,323,06,DAN
7732,0.7212304650829943,323,08,DAN
7733,0.5411498468834711,323,09,DAN
7734,0.4842057204639473,323,10,DAN
7735,0.22122297617547718,323,12,DAN
7736,0.49658921031090625,323,14,DAN
7737,0.6912251223682702,323,15,DAN
7738,0.21194518257114472,323,18,DAN
7739,0.22686193031953172,323,20,DAN
7740,0.21389603234889143,323,22,DAN
7741,0.41574888965879025,323,25,DAN
7742,0.91435442500623,323,27,DAN
7743,0.47028575185951776,323,29,DAN
7744,0.2953256456179644,323,31,DAN
7745,0.07357093616135629,323,17,DAN
7746,0.17643506720387872,323,19,DAN
7747,0.017169680074344898,323,21,DAN
7748,0.7710448616354676,323,24,DAN
7749,0.352408322363932,323,26,DAN
7750,0.005045657644092436,323,28,DAN
7751,0.2551027400656778,323,30,DAN
7752,0.8998735100334738,324,02,FPN
7753,0.927472379363903,324,03,FPN
7754,0.1902722099302271,324,04,FPN
7755,0.33850092802713916,324,06,FPN
7756,0.4665915445328545,324,08,FPN
7757,0.6826926902630878,324,09,FPN
7758,1.0495985430826082,324,10,FPN
7759,0.27933019555226724,324,12,FPN
7760,0.3424610143773544,324,14,FPN
7761,0.5111085550708273,324,15,FPN
7762,0.3843533871531568,324,18,FPN
7763,0.6653009448954044,324,20,FPN
7764,0.15848363579756838,324,22,FPN
7765,0.06482988538165162,324,25,FPN
7766,0.7589587051523414,324,27,FPN
7767,1.5773566450512178,324,29,FPN
7768,0.12631574396643203,324,31,FPN
7769,0.29227625010846475,324,17,FPN
7770,0.17655318535791617,324,19,FPN
7771,0.4920722810558017,324,21,FPN
7772,1.1761634344534109,324,24,FPN
7773,0.4213760100080399,324,26,FPN
7774,0.07795456006053009,324,28,FPN
7775,0.09786531125042829,324,30,FPN
7776,1.2507175709376077,325,02,FPN
7777,0.695758108727562,325,03,FPN
7778,0.09805931359976301,325,04,FPN
7779,0.425550677523079,325,06,FPN
7780,0.16223846533411265,325,08,FPN
7781,0.34046739079492394,325,09,FPN
7782,0.7650342334741228,325,10,FPN
7783,0.006784291346733583,325,12,FPN
7784,0.17395782158181627,325,14,FPN
7785,0.27775864221576974,325,15,FPN
7786,0.46861479749879503,325,18,FPN
7787,0.09242784648029422,325,20,FPN
7788,0.1682701341458479,325,22,FPN
7789,0.08644432259373075,325,25,FPN
7790,1.335132279452858,325,27,FPN
7791,0.6839678942801435,325,29,FPN
7792,0.13972380546487703,325,31,FPN
7793,0.6201596673743666,325,17,FPN
7794,0.27759897599118666,325,19,FPN
7795,0.3551708040327068,325,21,FPN
7796,0.814529375168315,325,24,FPN
7797,0.25268190987439143,325,26,FPN
7798,0.06469054205628579,325,28,FPN
7799,0.27597667672671833,325,30,FPN
7800,0.3409876184476322,326,02,DAN
7801,0.9580558414986098,326,03,DAN
7802,0.09942230214785178,326,04,DAN
7803,0.36989594032011225,326,06,DAN
7804,0.07910743991094668,326,08,DAN
7805,0.34931858763303536,326,09,DAN
7806,0.5169776915189997,326,10,DAN
7807,0.30464621170821365,326,12,DAN
7808,0.6526014684563727,326,14,DAN
7809,0.043441690496052315,326,15,DAN
7810,0.18861428564147578,326,18,DAN
7811,0.02576921891634485,326,20,DAN
7812,0.12626362871334731,326,22,DAN
7813,0.07735205029486425,326,25,DAN
7814,0.8587024162814426,326,27,DAN
7815,0.6539849988772763,326,29,DAN
7816,0.12890186633453599,326,31,DAN
7817,0.7523763560087348,326,17,DAN
7818,0.0710406186035843,326,19,DAN
7819,0.10711616394017182,326,21,DAN
7820,0.1733548342371286,326,24,DAN
7821,0.3759047583295516,326,26,DAN
7822,0.2041911233578082,326,28,DAN
7823,0.11832728840971024,326,30,DAN
7824,0.1595691310967151,327,02,CON
7825,0.18534291793247845,327,03,CON
7826,0.2327343878540694,327,04,CON
7827,0.23737194847273807,327,06,CON
7828,0.13490979469864875,327,08,CON
7829,0.4413340776483428,327,09,CON
7830,0.28069293966169906,327,10,CON
7831,0.024836714682595244,327,12,CON
7832,0.44277863897424197,327,14,CON
7833,0.0029684682770889136,327,15,CON
7834,0.5163787260656733,327,18,CON
7835,0.04395292819224434,327,20,CON
7836,0.3391814112409974,327,22,CON
7837,0.2721033109601561,327,25,CON
7838,0.9034619905381268,327,27,CON
7839,0.15811720904420942,327,29,CON
7840,0.176089188500078,327,31,CON
7841,0.36928193098909695,327,17,CON
7842,0.14585306546858054,327,19,CON
7843,0.3548322927578301,327,21,CON
7844,0.42943694005099703,327,24,CON
7845,0.1514744293248861,327,26,CON
7846,0.2861378918666134,327,28,CON
7847,0.12022742082038795,327,30,CON
7848,0.4204084319130543,328,02,CON
7849,0.25494028538526636,328,03,CON
7850,0.07071161048241584,328,04,CON
7851,0.5509232803993127,328,06,CON
7852,0.6044933602323107,328,08,CON
7853,0.32561716993920903,328,09,CON
7854,0.9598307008369639,328,10,CON
7855,0.009136854975738873,328,12,CON
7856,0.817147237542158,328,14,CON
7857,0.15941201615730893,328,15,CON
7858,0.057822996529113165,328,18,CON
7859,0.1540282923466661,328,20,CON
7860,0.40932117866761925,328,22,CON
7861,0.20188158097160738,328,25,CON
7862,0.7868043388312547,328,27,CON
7863,0.244127239439311,328,29,CON
7864,0.5075711464719612,328,31,CON
7865,0.1837559316124743,328,17,CON
7866,0.120412824352195,328,19,CON
7867,0.5372100675969624,328,21,CON
7868,0.9347982101014071,328,24,CON
7869,0.28890598273903223,328,26,CON
7870,0.11115188803796779,328,28,CON
7871,0.3204343105410469,328,30,CON
7872,1.5116067326888816,329,02,FPN
7873,1.8196108460935518,329,03,FPN
7874,0.7682655451508363,329,04,FPN
7875,0.5537262761699384,329,06,FPN
7876,0.8922667433565991,329,08,FPN
7877,0.5889899062071976,329,09,FPN
7878,0.8187537004842882,329,10,FPN
7879,0.26103013901330613,329,12,FPN
7880,0.6188060231566909,329,14,FPN
7881,0.4566475795330053,329,15,FPN
7882,0.4734203730759412,329,18,FPN
7883,0.525030683706628,329,20,FPN
7884,0.21826098775165464,329,22,FPN
7885,0.4274631705117954,329,25,FPN
7886,1.8165264916299444,329,27,FPN
7887,1.0460231539299558,329,29,FPN
7888,0.5377417143636694,329,31,FPN
7889,0.883782851149808,329,17,FPN
7890,0.854230302122577,329,19,FPN
7891,0.7020998060818998,329,21,FPN
7892,1.1588257987414734,329,24,FPN
7893,0.7239843732929916,329,26,FPN
7894,0.30838675220314504,329,28,FPN
7895,0.11974267338664081,329,30,FPN
7896,0.5003007121203791,330,02,DMN
7897,0.9087237534425433,330,03,DMN
7898,0.7554040036009084,330,04,DMN
7899,0.6256395108096889,330,06,DMN
7900,0.26681154332808715,330,08,DMN
7901,0.3370787034001273,330,09,DMN
7902,1.677739805810991,330,10,DMN
7903,0.05583125961944422,330,12,DMN
7904,0.36717896935729466,330,14,DMN
7905,0.21470708457205437,330,15,DMN
7906,0.2536774212952702,330,18,DMN
7907,0.15025294054536673,330,20,DMN
7908,0.19360791325803786,330,22,DMN
7909,0.2459146813213723,330,25,DMN
7910,1.3695827164820522,330,27,DMN
7911,1.4345936321423325,330,29,DMN
7912,0.2505204242837265,330,31,DMN
7913,0.6848414834276338,330,17,DMN
7914,0.4942005192448068,330,19,DMN
7915,0.09456083745490297,330,21,DMN
7916,0.46935074340505306,330,24,DMN
7917,0.2060728600650526,330,26,DMN
7918,0.06280691944229475,330,28,DMN
7919,0.23804462200842977,330,30,DMN
7920,0.6494895834983628,331,02,DMN
7921,1.0584814751494105,331,03,DMN
7922,0.44120155920834997,331,04,DMN
7923,0.28534772261651514,331,06,DMN
7924,0.4785262836583184,331,08,DMN
7925,0.21601371234355093,331,09,DMN
7926,0.5073120746281441,331,10,DMN
7927,0.05614837939495062,331,12,DMN
7928,0.6007503043831937,331,14,DMN
7929,0.22202504626624342,331,15,DMN
7930,0.4028321538785574,331,18,DMN
7931,0.20573620307493673,331,20,DMN
7932,0.330962115175812,331,22,DMN
7933,0.16402234272489288,331,25,DMN
7934,1.4876139170434795,331,27,DMN
7935,0.6206370241696793,331,29,DMN
7936,0.003743670495713351,331,31,DMN
7937,0.5325957618472469,331,17,DMN
7938,0.29325046682993966,331,19,DMN
7939,0.00812935791652481,331,21,DMN
7940,0.7517739633610819,331,24,DMN
7941,0.31328999266740376,331,26,DMN
7942,1.9074365014111646e-05,331,28,DMN
7943,0.0722306687658567,331,30,DMN
7944,0.31980650807874217,332,02,VIS2
7945,0.1546079390442422,332,03,VIS2
7946,0.020290137428893375,332,04,VIS2
7947,0.3105280008313377,332,06,VIS2
7948,0.18127472818564383,332,08,VIS2
7949,0.21020626232538717,332,09,VIS2
7950,0.2563259156745851,332,10,VIS2
7951,0.18177365359844275,332,12,VIS2
7952,0.017301241400954084,332,14,VIS2
7953,0.1549554474371274,332,15,VIS2
7954,0.5164635750856494,332,18,VIS2
7955,0.0522654122957189,332,20,VIS2
7956,0.12598809821938386,332,22,VIS2
7957,0.030519071774475433,332,25,VIS2
7958,0.4128185356870292,332,27,VIS2
7959,0.4748100048062929,332,29,VIS2
7960,0.014955673904538587,332,31,VIS2
7961,0.32025725129184485,332,17,VIS2
7962,0.08109163312675548,332,19,VIS2
7963,0.014732262556024297,332,21,VIS2
7964,0.11252057186311669,332,24,VIS2
7965,0.3116956929860764,332,26,VIS2
7966,0.15814058681903234,332,28,VIS2
7967,0.0785754731679831,332,30,VIS2
7968,0.8485668014031948,333,02,VIS2
7969,1.1348165461782092,333,03,VIS2
7970,0.3308563693829428,333,04,VIS2
7971,0.8008761957269542,333,06,VIS2
7972,0.4170335600546764,333,08,VIS2
7973,0.6191919686794912,333,09,VIS2
7974,0.6038627899076631,333,10,VIS2
7975,0.2901324983037975,333,12,VIS2
7976,0.6094937197511882,333,14,VIS2
7977,0.4269113339610496,333,15,VIS2
7978,0.6345093147971826,333,18,VIS2
7979,0.7242499044431463,333,20,VIS2
7980,0.12775494180497216,333,22,VIS2
7981,0.43725713569636815,333,25,VIS2
7982,0.7166409200258645,333,27,VIS2
7983,0.7848278330401823,333,29,VIS2
7984,0.5987752623436453,333,31,VIS2
7985,0.583748880137145,333,17,VIS2
7986,0.6893556802923416,333,19,VIS2
7987,0.3263645618930149,333,21,VIS2
7988,0.8400175983851333,333,24,VIS2
7989,0.6072973985044943,333,26,VIS2
7990,0.7731742661517885,333,28,VIS2
7991,0.2453761789338607,333,30,VIS2
7992,1.1418559818491492,334,02,VIS2
7993,1.2583353767624625,334,03,VIS2
7994,0.8190618272122903,334,04,VIS2
7995,0.6876440675983544,334,06,VIS2
7996,0.3437682820755132,334,08,VIS2
7997,0.8362087157507726,334,09,VIS2
7998,0.5794274788021575,334,10,VIS2
7999,0.33369487353996746,334,12,VIS2
8000,0.7655019517204417,334,14,VIS2
8001,0.46649122391427467,334,15,VIS2
8002,0.23074241978083915,334,18,VIS2
8003,0.5789528442586797,334,20,VIS2
8004,0.44518902076601646,334,22,VIS2
8005,0.8136225404481511,334,25,VIS2
8006,1.41933245877058,334,27,VIS2
8007,0.6608091960987472,334,29,VIS2
8008,0.38264157200828397,334,31,VIS2
8009,0.841549719250676,334,17,VIS2
8010,0.5433314034189601,334,19,VIS2
8011,0.31182553414523373,334,21,VIS2
8012,1.1991917404841734,334,24,VIS2
8013,0.42930768571062944,334,26,VIS2
8014,0.14624954441184781,334,28,VIS2
8015,0.1973172963675771,334,30,VIS2
8016,0.07179999420259252,335,02,DMN
8017,0.780034449993461,335,03,DMN
8018,0.11398620964632838,335,04,DMN
8019,0.28149096367064064,335,06,DMN
8020,0.0906182521673365,335,08,DMN
8021,0.2621578994958042,335,09,DMN
8022,0.2896307973794376,335,10,DMN
8023,0.21973529931517935,335,12,DMN
8024,0.06023199759770079,335,14,DMN
8025,0.2080878719128246,335,15,DMN
8026,0.014998142539375972,335,18,DMN
8027,0.010890920378713777,335,20,DMN
8028,0.25368232579851113,335,22,DMN
8029,0.1388234930960037,335,25,DMN
8030,1.2569744970399594,335,27,DMN
8031,0.025021288136827954,335,29,DMN
8032,0.1273602714797872,335,31,DMN
8033,0.060794983312366276,335,17,DMN
8034,0.16405271378388162,335,19,DMN
8035,0.03023409741107155,335,21,DMN
8036,0.21999211326103227,335,24,DMN
8037,0.001569863170707859,335,26,DMN
8038,0.12581913976317918,335,28,DMN
8039,0.046393926613781424,335,30,DMN
8040,0.9461342096689234,336,02,VIS2
8041,0.6017815648392707,336,03,VIS2
8042,0.1721486585066407,336,04,VIS2
8043,0.6753850198359266,336,06,VIS2
8044,0.23236509488544393,336,08,VIS2
8045,0.49893555790529726,336,09,VIS2
8046,0.4273989826193344,336,10,VIS2
8047,0.6055133212751321,336,12,VIS2
8048,0.5228279551433316,336,14,VIS2
8049,0.6042255127114293,336,15,VIS2
8050,0.7533058388123698,336,18,VIS2
8051,0.33869024299783995,336,20,VIS2
8052,0.08964015494536813,336,22,VIS2
8053,0.2561546013165493,336,25,VIS2
8054,1.2707903172858646,336,27,VIS2
8055,0.2765517395590812,336,29,VIS2
8056,0.03225897733932784,336,31,VIS2
8057,0.540437392371152,336,17,VIS2
8058,0.3943955545780013,336,19,VIS2
8059,0.36804618989526783,336,21,VIS2
8060,0.5114480880105731,336,24,VIS2
8061,0.5760812995592486,336,26,VIS2
8062,0.0031694318759625003,336,28,VIS2
8063,0.25115510335013486,336,30,VIS2
8064,0.9984521687820592,337,02,VIS2
8065,1.0257063139079965,337,03,VIS2
8066,0.5283538444156646,337,04,VIS2
8067,0.5487933955308488,337,06,VIS2
8068,0.18392573036080967,337,08,VIS2
8069,0.8766978545464106,337,09,VIS2
8070,0.7030194747297464,337,10,VIS2
8071,0.6272985192878474,337,12,VIS2
8072,0.5612694198354063,337,14,VIS2
8073,0.5939609789998026,337,15,VIS2
8074,0.17905084032999316,337,18,VIS2
8075,0.4301535697119905,337,20,VIS2
8076,0.03849705440631298,337,22,VIS2
8077,0.4428532095267831,337,25,VIS2
8078,0.9699134995897973,337,27,VIS2
8079,0.6415261408797008,337,29,VIS2
8080,0.4576462910419001,337,31,VIS2
8081,0.6947769028926821,337,17,VIS2
8082,0.33599326443216937,337,19,VIS2
8083,0.2124179383927383,337,21,VIS2
8084,0.8132216446980185,337,24,VIS2
8085,0.60916049593912,337,26,VIS2
8086,0.25937936873554845,337,28,VIS2
8087,0.0687178964609597,337,30,VIS2
8088,0.4128265733167051,338,02,VIS2
8089,0.809342066869363,338,03,VIS2
8090,0.2281913932102674,338,04,VIS2
8091,0.20553072614751847,338,06,VIS2
8092,0.4042721860869238,338,08,VIS2
8093,0.2670587207701925,338,09,VIS2
8094,0.5678855780209185,338,10,VIS2
8095,0.07052535382622976,338,12,VIS2
8096,0.30650239370594873,338,14,VIS2
8097,0.27156416822646556,338,15,VIS2
8098,0.3102712131965321,338,18,VIS2
8099,0.20407266872868804,338,20,VIS2
8100,0.1806689788313125,338,22,VIS2
8101,0.28604306491404824,338,25,VIS2
8102,0.5962735273495099,338,27,VIS2
8103,0.5215553204188658,338,29,VIS2
8104,0.15076667348887388,338,31,VIS2
8105,0.12291333459627966,338,17,VIS2
8106,0.07172158419528052,338,19,VIS2
8107,0.07564508309989544,338,21,VIS2
8108,0.6546784519070087,338,24,VIS2
8109,0.557189638414859,338,26,VIS2
8110,0.19581707881909,338,28,VIS2
8111,0.01678362309256963,338,30,VIS2
8112,0.8483126771233315,339,02,VIS2
8113,0.3035024852062698,339,03,VIS2
8114,0.08474580362527684,339,04,VIS2
8115,0.1981093432768469,339,06,VIS2
8116,0.35402484734142087,339,08,VIS2
8117,0.3255577940781819,339,09,VIS2
8118,0.275084289692906,339,10,VIS2
8119,0.04306640347193631,339,12,VIS2
8120,0.1704413483417044,339,14,VIS2
8121,0.2408821288760257,339,15,VIS2
8122,0.1793901730806932,339,18,VIS2
8123,0.314095547894064,339,20,VIS2
8124,0.38924828361136005,339,22,VIS2
8125,0.2537036944437509,339,25,VIS2
8126,0.7088166771268773,339,27,VIS2
8127,0.5103820818569277,339,29,VIS2
8128,0.08202596124367616,339,31,VIS2
8129,0.04583164028367276,339,17,VIS2
8130,0.07584519281976712,339,19,VIS2
8131,0.2087610844714155,339,21,VIS2
8132,0.5578751432454183,339,24,VIS2
8133,0.019433986554039568,339,26,VIS2
8134,0.08323960713330968,339,28,VIS2
8135,0.005314770387577843,339,30,VIS2
8136,1.4700192201827318,340,02,VIS2
8137,1.0965071151719388,340,03,VIS2
8138,0.5960323387848353,340,04,VIS2
8139,1.1194721825020941,340,06,VIS2
8140,0.37295240183354417,340,08,VIS2
8141,0.996131389337398,340,09,VIS2
8142,0.8656306396098353,340,10,VIS2
8143,0.4761762599324089,340,12,VIS2
8144,1.3150719717298618,340,14,VIS2
8145,0.5823362943503535,340,15,VIS2
8146,0.9335899216466351,340,18,VIS2
8147,0.6141465011854824,340,20,VIS2
8148,0.26118171993995304,340,22,VIS2
8149,0.49547816023726243,340,25,VIS2
8150,1.4636627692824,340,27,VIS2
8151,0.7406000558588978,340,29,VIS2
8152,0.7755640087982443,340,31,VIS2
8153,0.7474446837570197,340,17,VIS2
8154,0.4979535317795975,340,19,VIS2
8155,0.5050160487620483,340,21,VIS2
8156,1.2410150730977454,340,24,VIS2
8157,0.4767422291144338,340,26,VIS2
8158,0.43259742542156404,340,28,VIS2
8159,0.07976791898005753,340,30,VIS2
8160,0.7621847663688136,341,02,DMN
8161,0.3190325782343293,341,03,DMN
8162,0.34372460820871714,341,04,DMN
8163,0.21546550530271769,341,06,DMN
8164,0.015600162196987434,341,08,DMN
8165,0.2651239673676709,341,09,DMN
8166,0.4140423542923936,341,10,DMN
8167,0.08022574291244866,341,12,DMN
8168,0.4248239068028457,341,14,DMN
8169,0.2184013988665532,341,15,DMN
8170,0.2243809312630312,341,18,DMN
8171,0.42824386688255217,341,20,DMN
8172,0.21311876208477,341,22,DMN
8173,0.07288091922786442,341,25,DMN
8174,0.6042128342124881,341,27,DMN
8175,0.3677714786023425,341,29,DMN
8176,0.08561338038722155,341,31,DMN
8177,0.5274687911561181,341,17,DMN
8178,0.1526128434286576,341,19,DMN
8179,0.06786094588665928,341,21,DMN
8180,0.3293452481870664,341,24,DMN
8181,0.02246091430659002,341,26,DMN
8182,0.0680225098377627,341,28,DMN
8183,0.090715055586643,341,30,DMN
8184,0.0972943578987527,342,02,FPN
8185,0.6277746661610543,342,03,FPN
8186,0.00034318006895423214,342,04,FPN
8187,0.00022653706778196154,342,06,FPN
8188,0.10889768879129721,342,08,FPN
8189,0.2087545146675404,342,09,FPN
8190,0.014339489848137958,342,10,FPN
8191,0.034990204297019684,342,12,FPN
8192,0.05573730742124425,342,14,FPN
8193,0.002151462339825499,342,15,FPN
8194,0.02860237851804321,342,18,FPN
8195,0.11316672119613265,342,20,FPN
8196,0.019477076139156328,342,22,FPN
8197,0.07184144373833354,342,25,FPN
8198,0.4177352286941461,342,27,FPN
8199,0.8293055290302206,342,29,FPN
8200,0.017763675977045715,342,31,FPN
8201,0.04287617808082535,342,17,FPN
8202,0.0005648155958662419,342,19,FPN
8203,0.08248488728617286,342,21,FPN
8204,0.09642172395399377,342,24,FPN
8205,0.07119643147289223,342,26,FPN
8206,0.10379904169965233,342,28,FPN
8207,0.009538018801805454,342,30,FPN
8208,1.5550289538421271,343,02,VIS2
8209,1.631434505498411,343,03,VIS2
8210,0.41946485111960824,343,04,VIS2
8211,0.8120196884629985,343,06,VIS2
8212,0.3514998130979591,343,08,VIS2
8213,0.6650018700426616,343,09,VIS2
8214,0.7225120022422264,343,10,VIS2
8215,0.1992671330281489,343,12,VIS2
8216,0.5423687407402475,343,14,VIS2
8217,0.90426614664834,343,15,VIS2
8218,0.25598341238132355,343,18,VIS2
8219,0.2652487420857642,343,20,VIS2
8220,0.12686334959405668,343,22,VIS2
8221,0.19036821665334333,343,25,VIS2
8222,1.8767261845025789,343,27,VIS2
8223,0.802410036766418,343,29,VIS2
8224,0.5727588419429236,343,31,VIS2
8225,0.9047364888853155,343,17,VIS2
8226,0.7382921487804205,343,19,VIS2
8227,0.7279919255062052,343,21,VIS2
8228,0.8049737577155196,343,24,VIS2
8229,0.5699880733373968,343,26,VIS2
8230,0.3691469571839305,343,28,VIS2
8231,0.25303766082145035,343,30,VIS2
8232,0.38727098052928594,344,02,DMN
8233,0.040239693489550234,344,03,DMN
8234,0.03022131848687327,344,04,DMN
8235,0.40022632862739543,344,06,DMN
8236,0.020001792171128883,344,08,DMN
8237,0.0549354280665474,344,09,DMN
8238,0.0038208570506114915,344,10,DMN
8239,0.05965465564057898,344,12,DMN
8240,0.13908503481323953,344,14,DMN
8241,0.0023748269858120644,344,15,DMN
8242,0.04478247094749065,344,18,DMN
8243,0.0005600092191406432,344,20,DMN
8244,0.6058880266050636,344,22,DMN
8245,0.006557982464778375,344,25,DMN
8246,0.5903257408210482,344,27,DMN
8247,0.5949173847792267,344,29,DMN
8248,0.23532901497359424,344,31,DMN
8249,0.30072923984941036,344,17,DMN
8250,0.10594767111826947,344,19,DMN
8251,0.042614366997508736,344,21,DMN
8252,0.018089104535363054,344,24,DMN
8253,0.37848107072022974,344,26,DMN
8254,0.0019310925636033445,344,28,DMN
8255,0.10004646604491185,344,30,DMN
8256,0.5375829096545172,345,02,DMN
8257,0.2319133503534977,345,03,DMN
8258,0.10528265096368046,345,04,DMN
8259,0.43326816226318415,345,06,DMN
8260,0.14236437715156935,345,08,DMN
8261,0.07443903137633408,345,09,DMN
8262,0.2258678138022049,345,10,DMN
8263,0.1883576090186023,345,12,DMN
8264,0.3028901984660758,345,14,DMN
8265,0.0010711642918400884,345,15,DMN
8266,0.3127979688291885,345,18,DMN
8267,0.0032976391703093185,345,20,DMN
8268,0.2955161999707279,345,22,DMN
8269,0.00024286079538188065,345,25,DMN
8270,0.43397758671932585,345,27,DMN
8271,0.17765050897721169,345,29,DMN
8272,0.02988537426716316,345,31,DMN
8273,0.4778727750200887,345,17,DMN
8274,0.0971167424718591,345,19,DMN
8275,0.15433708342386493,345,21,DMN
8276,0.008670553692398145,345,24,DMN
8277,0.02996553591479098,345,26,DMN
8278,0.3440610961256085,345,28,DMN
8279,0.1584422071516557,345,30,DMN
8280,0.4024411140116318,346,02,ORA
8281,0.23350034592901786,346,03,ORA
8282,0.1341283335499908,346,04,ORA
8283,0.33133147605165114,346,06,ORA
8284,0.03376699087085602,346,08,ORA
8285,0.06491948172959544,346,09,ORA
8286,0.9712496961786528,346,10,ORA
8287,0.10343938758386904,346,12,ORA
8288,0.3683084492839545,346,14,ORA
8289,0.013511506697621533,346,15,ORA
8290,0.004831151438848507,346,18,ORA
8291,0.358867032615843,346,20,ORA
8292,0.13475107317431817,346,22,ORA
8293,0.21780099585416282,346,25,ORA
8294,0.8261311261537444,346,27,ORA
8295,0.313025981514959,346,29,ORA
8296,0.006075700372186628,346,31,ORA
8297,0.42152116204547546,346,17,ORA
8298,0.2111506125849121,346,19,ORA
8299,0.000972445702795152,346,21,ORA
8300,0.004219214523954283,346,24,ORA
8301,0.17162096219707407,346,26,ORA
8302,0.3162565573805862,346,28,ORA
8303,0.00043873118213878776,346,30,ORA
8304,0.06407742252555194,347,02,CON
8305,0.03836556222698242,347,03,CON
8306,0.19122410584424693,347,04,CON
8307,0.29121099549661256,347,06,CON
8308,0.08120836623923076,347,08,CON
8309,0.0003880599005523474,347,09,CON
8310,0.1992397615122305,347,10,CON
8311,0.024994668155008927,347,12,CON
8312,0.07174489050749797,347,14,CON
8313,0.23584922665683547,347,15,CON
8314,0.030739431856050544,347,18,CON
8315,0.07677784975499242,347,20,CON
8316,0.0821073761039332,347,22,CON
8317,0.00037183697254863967,347,25,CON
8318,0.6460258435863104,347,27,CON
8319,0.037066722001787865,347,29,CON
8320,9.388575406844802e-06,347,31,CON
8321,0.03301945700568286,347,17,CON
8322,0.008834531402780591,347,19,CON
8323,0.014573069618641441,347,21,CON
8324,0.13175524164362978,347,24,CON
8325,0.0005645820324186952,347,26,CON
8326,0.15533557013074378,347,28,CON
8327,0.0011022816743676272,347,30,CON
8328,0.2917610624392117,348,02,SMN
8329,0.04586196379210152,348,03,SMN
8330,0.0026697637982839644,348,04,SMN
8331,0.09334963429187544,348,06,SMN
8332,0.0005608769028588222,348,08,SMN
8333,0.006759701248718307,348,09,SMN
8334,0.13336113443630143,348,10,SMN
8335,0.05984751028527416,348,12,SMN
8336,0.33954104716925176,348,14,SMN
8337,0.2169196737315728,348,15,SMN
8338,0.019945682156068824,348,18,SMN
8339,4.662461758702408e-05,348,20,SMN
8340,0.03291974944641847,348,22,SMN
8341,0.030512614785670394,348,25,SMN
8342,0.38331943330883855,348,27,SMN
8343,0.17098759192764346,348,29,SMN
8344,0.015964120463453607,348,31,SMN
8345,0.056752046580527425,348,17,SMN
8346,0.11907607933159767,348,19,SMN
8347,0.611392544701478,348,21,SMN
8348,0.30055318720276086,348,24,SMN
8349,0.03574977886128129,348,26,SMN
8350,0.1893503201542915,348,28,SMN
8351,0.051939085092239844,348,30,SMN
8352,0.42854387827678425,349,02,CON
8353,0.22737466240104273,349,03,CON
8354,0.25336236394325906,349,04,CON
8355,0.4666439547341896,349,06,CON
8356,0.19640733221555418,349,08,CON
8357,0.025972983723069623,349,09,CON
8358,0.7953550136288151,349,10,CON
8359,0.007683394739609158,349,12,CON
8360,0.35075691009978754,349,14,CON
8361,0.30003971609761687,349,15,CON
8362,0.4175550419460021,349,18,CON
8363,0.4631145513214429,349,20,CON
8364,0.12601435227497604,349,22,CON
8365,0.37456274301934384,349,25,CON
8366,0.7196299819733529,349,27,CON
8367,0.11225439852023186,349,29,CON
8368,0.023780784440444968,349,31,CON
8369,0.5861461800256452,349,17,CON
8370,0.1348824837687178,349,19,CON
8371,0.11516734031594768,349,21,CON
8372,0.5379754402105963,349,24,CON
8373,0.11739233745519642,349,26,CON
8374,0.379869829912996,349,28,CON
8375,0.006495336451882904,349,30,CON
8376,0.12519010113573356,350,02,FPN
8377,0.3584790663630944,350,03,FPN
8378,0.07531594590194374,350,04,FPN
8379,0.341229313382273,350,06,FPN
8380,0.0008477021092665015,350,08,FPN
8381,0.15065316025320202,350,09,FPN
8382,0.305507793340458,350,10,FPN
8383,0.08376206176347431,350,12,FPN
8384,0.13380139674347058,350,14,FPN
8385,0.22011650183958562,350,15,FPN
8386,0.00035212889972262746,350,18,FPN
8387,0.3286625260485608,350,20,FPN
8388,0.2042406794264248,350,22,FPN
8389,0.0011619074703647955,350,25,FPN
8390,0.42299827252697036,350,27,FPN
8391,0.26640867690311953,350,29,FPN
8392,0.17599771280906662,350,31,FPN
8393,0.6645394630656856,350,17,FPN
8394,0.09755429442841622,350,19,FPN
8395,0.04353861625931356,350,21,FPN
8396,0.13335355196597604,350,24,FPN
8397,0.03756191483728742,350,26,FPN
8398,0.011656907943781238,350,28,FPN
8399,0.0001721687961889466,350,30,FPN
8400,0.8573799421320593,351,02,FPN
8401,0.10617783821541156,351,03,FPN
8402,0.2666020155663426,351,04,FPN
8403,0.18037833214367693,351,06,FPN
8404,0.2719680448139131,351,08,FPN
8405,0.14595862950780622,351,09,FPN
8406,0.5067594222147414,351,10,FPN
8407,0.018711619602159463,351,12,FPN
8408,0.5101248253239689,351,14,FPN
8409,0.006346040041357568,351,15,FPN
8410,0.026333373492241283,351,18,FPN
8411,0.5148574000669637,351,20,FPN
8412,0.06967858522772244,351,22,FPN
8413,0.30687731698469384,351,25,FPN
8414,2.0049412405152665,351,27,FPN
8415,0.33339136217590404,351,29,FPN
8416,0.010736207371981653,351,31,FPN
8417,0.4803453013613528,351,17,FPN
8418,0.07869511053856533,351,19,FPN
8419,0.030745339769098223,351,21,FPN
8420,0.3075380918632059,351,24,FPN
8421,0.03339155671902963,351,26,FPN
8422,0.06007437381417411,351,28,FPN
8423,0.15164759345910137,351,30,FPN
8424,0.3519302038252339,352,02,LAN
8425,0.054921282980715136,352,03,LAN
8426,0.23546910614349298,352,04,LAN
8427,0.031315875905259305,352,06,LAN
8428,0.26290369613286213,352,08,LAN
8429,0.2453454644806794,352,09,LAN
8430,0.7577146813188068,352,10,LAN
8431,0.010368044164564752,352,12,LAN
8432,0.03297892882260866,352,14,LAN
8433,0.0005568183839826518,352,15,LAN
8434,0.45145287522958716,352,18,LAN
8435,0.1261105211755617,352,20,LAN
8436,0.22473816177494577,352,22,LAN
8437,0.39117923361932444,352,25,LAN
8438,0.4701142537329965,352,27,LAN
8439,0.13059418674463302,352,29,LAN
8440,0.00606116411168076,352,31,LAN
8441,0.08786159470020524,352,17,LAN
8442,0.14998030298535625,352,19,LAN
8443,0.0026324885506160446,352,21,LAN
8444,0.2044341362475168,352,24,LAN
8445,0.29334299285834736,352,26,LAN
8446,0.0016826507363334295,352,28,LAN
8447,0.014357085306487716,352,30,LAN
8448,0.049450755197438336,353,02,AUD
8449,0.0956340003500495,353,03,AUD
8450,0.0038593886930180553,353,04,AUD
8451,0.21862963276758474,353,06,AUD
8452,0.21772962105528956,353,08,AUD
8453,0.01823211209821283,353,09,AUD
8454,0.08253740549074016,353,10,AUD
8455,0.024753142324182378,353,12,AUD
8456,0.31690438333998006,353,14,AUD
8457,0.17662795895110836,353,15,AUD
8458,0.024612587713950806,353,18,AUD
8459,0.17148693777725704,353,20,AUD
8460,0.022918612005495026,353,22,AUD
8461,0.04831306536591371,353,25,AUD
8462,0.13802530952529826,353,27,AUD
8463,0.03653344841496774,353,29,AUD
8464,0.003421930487527428,353,31,AUD
8465,0.06445431637611714,353,17,AUD
8466,0.1284921439422184,353,19,AUD
8467,0.011907278621539173,353,21,AUD
8468,0.06556636398653293,353,24,AUD
8469,0.030242935004507115,353,26,AUD
8470,0.08391780721776787,353,28,AUD
8471,0.16709941430245054,353,30,AUD
8472,0.29268158560864044,354,02,AUD
8473,0.3427378778459776,354,03,AUD
8474,0.03086486219416805,354,04,AUD
8475,0.6877237239671079,354,06,AUD
8476,0.09777643983908912,354,08,AUD
8477,0.19402067592979785,354,09,AUD
8478,0.41232079845315184,354,10,AUD
8479,0.03320479506443545,354,12,AUD
8480,0.4487938086905671,354,14,AUD
8481,0.19364058498614076,354,15,AUD
8482,0.031922231318711636,354,18,AUD
8483,0.13069001629515073,354,20,AUD
8484,0.1291810794101412,354,22,AUD
8485,0.056583387409024175,354,25,AUD
8486,0.970975199998655,354,27,AUD
8487,0.07514384303012746,354,29,AUD
8488,0.37217489772766654,354,31,AUD
8489,0.04573469097493269,354,17,AUD
8490,0.008396266913794012,354,19,AUD
8491,0.0012476438040680206,354,21,AUD
8492,0.10359176910762696,354,24,AUD
8493,0.16629476382101088,354,26,AUD
8494,0.07716192108428883,354,28,AUD
8495,0.009503390315496591,354,30,AUD
8496,0.2883930254977251,355,02,AUD
8497,0.5277285162682764,355,03,AUD
8498,2.204381514994997e-05,355,04,AUD
8499,0.5216972297665992,355,06,AUD
8500,0.27086015969286387,355,08,AUD
8501,0.10204078943730013,355,09,AUD
8502,0.426143770099478,355,10,AUD
8503,0.04105588064064654,355,12,AUD
8504,0.7418647669855513,355,14,AUD
8505,0.2641384757903722,355,15,AUD
8506,0.1839997710861181,355,18,AUD
8507,0.005674821919711591,355,20,AUD
8508,0.10321544117274385,355,22,AUD
8509,0.1471286790376604,355,25,AUD
8510,0.7591468795884677,355,27,AUD
8511,0.1221760684902387,355,29,AUD
8512,0.008945456820973863,355,31,AUD
8513,0.2993818016554451,355,17,AUD
8514,0.3863522485235405,355,19,AUD
8515,0.0003453572947125443,355,21,AUD
8516,0.4719259382357921,355,24,AUD
8517,0.004316787473967995,355,26,AUD
8518,0.028655520692488664,355,28,AUD
8519,0.08202585700401545,355,30,AUD
8520,0.23564680434170696,356,02,DMN
8521,0.3029212212021326,356,03,DMN
8522,0.08417678002041826,356,04,DMN
8523,0.41113912628076377,356,06,DMN
8524,0.003733207333695696,356,08,DMN
8525,0.04797456895762619,356,09,DMN
8526,0.4964527856222121,356,10,DMN
8527,0.03392008252156288,356,12,DMN
8528,0.14981020353973806,356,14,DMN
8529,0.07009827584525839,356,15,DMN
8530,0.05883521422641427,356,18,DMN
8531,0.1361466236610706,356,20,DMN
8532,0.30827578642586656,356,22,DMN
8533,0.19216407363364757,356,25,DMN
8534,0.3769228986193475,356,27,DMN
8535,0.15802802683366862,356,29,DMN
8536,0.2769040361241118,356,31,DMN
8537,0.22633614615813213,356,17,DMN
8538,0.20437317336892774,356,19,DMN
8539,0.007593047253503751,356,21,DMN
8540,0.11990896680122443,356,24,DMN
8541,0.18347182366499842,356,26,DMN
8542,0.012078180853472184,356,28,DMN
8543,0.0967810453384423,356,30,DMN
8544,0.02579390144720333,357,02,FPN
8545,0.27274559877399923,357,03,FPN
8546,0.07276236571896576,357,04,FPN
8547,0.08719091734729656,357,06,FPN
8548,0.02215219181074927,357,08,FPN
8549,0.05281910354663815,357,09,FPN
8550,0.13140193451582413,357,10,FPN
8551,0.0002534405492509643,357,12,FPN
8552,0.29826884985159263,357,14,FPN
8553,0.015443762353125279,357,15,FPN
8554,0.00016180831282688304,357,18,FPN
8555,0.011558490478409593,357,20,FPN
8556,0.29877378003912275,357,22,FPN
8557,0.026484725405318734,357,25,FPN
8558,0.3135981661797628,357,27,FPN
8559,0.1178923967850215,357,29,FPN
8560,0.05585442502450128,357,31,FPN
8561,0.39209146238055015,357,17,FPN
8562,0.1836554160054981,357,19,FPN
8563,0.0023241653722556486,357,21,FPN
8564,0.46138246101229424,357,24,FPN
8565,0.1989652378428615,357,26,FPN
8566,0.000218546237112631,357,28,FPN
8567,0.018063298924362908,357,30,FPN
8568,0.26976814078803896,358,02,CON
8569,0.07727263316811124,358,03,CON
8570,0.15573414626717927,358,04,CON
8571,0.009963606916312404,358,06,CON
8572,0.2086981221352645,358,08,CON
8573,5.030885839082122e-10,358,09,CON
8574,0.01171343310968932,358,10,CON
8575,2.9743493172531956e-05,358,12,CON
8576,0.2651015069489188,358,14,CON
8577,0.002566518835145744,358,15,CON
8578,0.07974118585865639,358,18,CON
8579,0.09533011337754113,358,20,CON
8580,0.017414443795899844,358,22,CON
8581,0.08315014043915257,358,25,CON
8582,0.1523899821939614,358,27,CON
8583,0.0013646574316088253,358,29,CON
8584,0.10327243202222103,358,31,CON
8585,0.011867950615638431,358,17,CON
8586,0.0005229146436210689,358,19,CON
8587,0.12326137899373746,358,21,CON
8588,0.11022571261540819,358,24,CON
8589,0.29294047490544095,358,26,CON
8590,0.04154250550898699,358,28,CON
8591,0.12904203560468594,358,30,CON
8592,0.4696544817792453,359,02,CON
8593,0.7669575369634238,359,03,CON
8594,0.06384005457666625,359,04,CON
8595,0.1412171638266252,359,06,CON
8596,0.007705789849201716,359,08,CON
8597,0.1726041936619455,359,09,CON
8598,0.7619549935767845,359,10,CON
8599,0.26496503362446977,359,12,CON
8600,0.3958030508672009,359,14,CON
8601,0.0012278227363256829,359,15,CON
8602,0.09102396447886915,359,18,CON
8603,0.08957409419738659,359,20,CON
8604,0.34770482854470425,359,22,CON
8605,0.6318360665289299,359,25,CON
8606,0.666153634035311,359,27,CON
8607,0.395576186908231,359,29,CON
8608,0.015663144715411876,359,31,CON
8609,0.07525432439379473,359,17,CON
8610,0.09188217621256513,359,19,CON
8611,0.06843381244077963,359,21,CON
8612,0.6028958485639558,359,24,CON
8613,0.6566107907778085,359,26,CON
8614,0.19464399878142263,359,28,CON
8615,0.004032237074801984,359,30,CON
8616,0.3054736265469723,360,02,CON
8617,0.2596665996983501,360,03,CON
8618,0.11563190821538252,360,04,CON
8619,0.2504744045891074,360,06,CON
8620,0.1392153327392054,360,08,CON
8621,0.07835914522464899,360,09,CON
8622,0.5132646244521059,360,10,CON
8623,0.0381430469494467,360,12,CON
8624,0.09497709644139352,360,14,CON
8625,0.10731603304339143,360,15,CON
8626,0.22946862147876157,360,18,CON
8627,0.11393964107187035,360,20,CON
8628,0.433681926172564,360,22,CON
8629,0.25497600090582767,360,25,CON
8630,0.7879466196684193,360,27,CON
8631,0.7303200342435588,360,29,CON
8632,0.17023588698866468,360,31,CON
8633,0.43732292846615783,360,17,CON
8634,0.09187849970196738,360,19,CON
8635,0.0166206324394002,360,21,CON
8636,0.3340203733080873,360,24,CON
8637,0.46227892618692595,360,26,CON
8638,0.16337745835184506,360,28,CON
8639,0.268203107188441,360,30,CON
